928 24741 14478
1427 906 28638 15483 5721 1389 21442 9622 10589
84 29614 19615 8570 8589 2195
994 20131 16920 18818 20854 25475 22396 26309 25290 28590 29375 8531 5809 16323 17502 5350 24173
1370 1667 26529 15622 15793 25594 28889 16231 16965 25942 23034 13754 13881 23539 20515 29440 19531 22292 2724 817 26193 4816 11284 19385 10768 12525 19599 12308 8637 4807 18358 22966 9462 22247 23729 24036 18031 15149 13516 8665 19986 17269 13908 9545 8376 28887 27102 16137 6225 12016 15465 709 15536 28257 22291 20221 21614 19167 21722 15670 26461 9898 24179 20404 23863 14691
2051 8978 27505 3281 7243 15364 29093 1113 24493 29247 28941 25661 4355 4220 10514 2546 19452 7418 19586 25159 12880 9433 4941 14932 26702 28643 2932 29365
1652 15141 13959 4279 29841 28499 25172 11925 15553 9487 15673 27703 19068 11283 17210
1245 28394 11183
591 9641 6177 21918
2080 23121 803 15282 22292 24562
1965 5016 11123 3064
737 15533 15364 20645 19613 6487 5341 18800 26465 24381 5253 18243 13941 15670 15840 3985 10233 11271 6976 20630 1406 26429 8791 23287 19741 7690 12289 25355 26763 614 11512 24685 19365 13048 6661 2787 9231 13748 12975 2271 25276 8819 8044 27644 3934 14782 3777 21614 15080 9415 19936 1499 19368 23013 4215 3473 18708 1434 6897 4355 716 22419 8385 3315 5158 20220 17483 4384 13442 11933 21977 4952 10807 16578 12630 25818 24022 27305 26680 17186 10256 128 8875 6387 13202 3166 24454 22416 11301 25619 28601 5614 711 5499 6039 2951 5584 996 22593 24343 1596 20371 23121 16102 20130 13847 12679 23855 12866 3046 17754 3070 7627
349 13763
1082 14701 8492 3238
2042 7627 10946 8484 1799
571 20035 12289 293 17116 20298 28318 24869 12150 4089 19635 27913
1471 19385
318 1425 2039
812 28132
668 27367 5269 25000 23206 5136 18508 21529 29093 15670 1170 28216 9215 6506 29653 28430 27940 20961 8264 19949 7992 20142 11210 3583 19972 24879 21687 14127 14828 394 28758 18432 24983 9390 9090 18730 28658 5118 28314 22548 22743 18964 668 2809 8581 22280 16883 4530 13952 10338 5224 26696 8726 26461 28058 9007 16628 14917 21130 27864 1564 11245 5957 20298 5449 2634 29372 18116 24498 27212 16921 11949 27789 18396 7540 20273 28349 10231 17483 24464 23684 3092 10396 3473 10740 20571 16241 9731 4374 29182 12086 13563 18861 391 13592 9465 23063 2704 8634 17369 16614 11889 10272 22988 13660 14470 15080 24060 6378 19370 14507 9385 5630 3764 26214 20943 22221 18843 26322 29046 6132 13193 14424 13233 19464 1629 954 1383 21854 25671 18870 10764 2929 12079 6518 12247 10192 13024 19979 23086 14430 24067 17659 24484 22095 1538 21584 27146 20959 15976 11458 19678 4705 16958 29899 2915 14123 24548 1237 8791 1299 19748 27894 8183 5339 3224 7984 822 5216 2473 18010 19426 1948 7239 13624 9760 23636 7736 24300 20755 11744 25571 22623 28422 23542 18873 554
1942 20375 2558 15523 24545 5269 23206 12085 23168
1064 26001 1538 20697
327 11016 18148
1545 20510 22840
1550 1449 5233
1385 17400 26642 4057 1156
667 3793 19271
82 13168 10046 22414 17120
1549 27703 29747 17847 28821 18268 18089 15358 1420 19828 2417 14269
1 18885 26947 5700
1934 23747 2195
85 21407 12525
113 11063 16254 13637 30063
137 14068 24889
10 14701 5822
512 4837
1968 28859
724 23764
717 6159
1922 23802 20599
1501 15017
1099 25477
1103 27643 1383 5491 28777 23504 28626 24712 4487 19228 2247 10207 19857 15670 21559 15793 2332 28666
283 13023 9203 6590 17408 19155 10973 23478 6247 7827 12386 21938 1520 6453 1112 2560 7691 20103 1771 3522 26790 14383 22649 26382 28709 998 28883 21584 19096 18582 17237 11588 17759 9055 20819 10073 22127 29311 3864 711 29687 15887 20427 21850 17563 17186 5902 8707 1155 14390 12039 22733 4515 18358 22173 2563 9946 28181 3870 1242 14896 2402 24717 16161 10125 2801 15857 21942 21615 15647 16564 18858 23190 10544 20188 25897 28298 21007 16204 22416 19147 11906 20905 25405 27132 29743 11245 16652 6463 28412 3425 29920 12540 2609 14554 8753 1286 3600 23806 15923 3791 25534 29164 18454 21199 21146 8404 15174 4483 957 30090 29628 15716 8701 7417 21937 22768 3111 1383 16557 11670 1582 15856
143 4592 24242
1133 15060 6839
70 19068 23507 11047 18306 20134 14896 27686 27665 2625 3606 26480 15900 6539 23341 10504 15832 19113 15111 14323 17404 21891 17825 17208 6911 968 12962 1047 29818 29816 19385 11937 28168 27037 19895 17817 16811 16883 29950
205 23630 5278 2929 23580 5705 5619 3965 20006 407 7401 11881 18082 7418 26214 21475 22197 16193 1586 1919 16189 23734 24444 19972 5577 10596 17483
937 16968 24115
748 28216 3294 14392
1995 21148 22974 21670 11865 11181 8867 6759 2557 29438 2411 4362 25695 29798 16891 4221 21013 15001 26386 2177 29253 9276 26108 10433 12002 27186 5611 8669 11643 29335 28944 4606 28402 5770 23686 26614 7574 5100 27163 5496 12233 11704 27100 14137 11499 14424 6882 11245 5598 16598 18329 9491 11640 23438 15845 25534 10825 23658 1699 28940 17857 16845 17841 8083 9437 15749 10139 10618 23165 23731 28360 11502 24295 5136 8782 12915 8461 17840 4845 12445 5200 3811 2816 28005 28425 14616 16920 19561 24993 8548 1828 10369 17394
1123 23775 21146 5223 13413 20105 17654 14369 18179 14214 10338 25886 15675 17267 5845 24410 5049 6018 26818 25677 8846 18305 14919 8313 15401 15080 21553 21241 2024 12384 4998 12399 14663 20814 15654 6120 7411 19385 20697 27153 5973 14293 813 2491 24033 2654 1541 15415 1554 18648 25333 6002 9842 12043 12693 20668 20965 25873 18535 2689 23515 15534 12175 24429 14761 12675 8705
1940 29422 3876 25561 12421 4675 21414 13767 5715 12441
1093 28884 8746 14769 24423
484 29396 29683
1994 26126 16286
1830 174 24802 18542 13005 24002 12254 399 24748 13104
1583 23103 4492 18701 9123 13233 2724
382 16942 20244 28681 8006 6014 14936 14157 8770 6542 20087 11452 16143 29691 7987 27452 10895 3878 12774 16466 655 1469
467 16157 17404
1023 15756 25209
2040 26494 29962
475 5917 12251
1774 17984 18800 23157
336 6499 22292 3970 24320 17712 24493 11258 8859 13645 12513 23375 10790
616 7428 13741 9616 12146 20181 27238 24695 29971 27920
1871 9867 25787 12198 1139 27260 6747 2050 6695 13941 15793 28889 23103 14791 19452 27409 26023 17129 607 10151 28128 17526 16193 17171 14293 15553 6976 11006 26447 5917 28726 24881 18897 19385 28418 26834 7572 12972 9768 24177 2550 4172 12478 29657 17169 29006 4317 29614 19785 23186 1568 18535 23379 12804 27336 11208 22441 10340 18305 8729 24668 11243 2378 27264 16034 7347 27870 483 13342 27648 15496 9746 27012 26557 29533 26567 4242 29376 27174 28353 17071 16776 15282 27623
2003 3747 1568 16790 19452 14445 18842 24881 17483 5917 28726 13765 28889 12975 1214 17570 16244 23589 28228 28926 24068 24189 10643 14507 22572 27648 11583 28071 1259 8381 28301 16622 11522 21688 9803
751 2426 28075 10814 25252 319 4139 28442 23787 16421 23665 16431 158 209 19385 28371 23036 23862 9004
461 8760 19988 18731 29712 20815
1308 11813 6265 977 24109
1789 29625 17689
1841 19385 15670 23081 14791 851 23579 6017 73 30054 15465 380 23638 13656 24983 17208 12997 28564 29265 340 28293 9390 24651 12859 15560 6196 28841 17646 21384 26170 27934 12072 26019 7841 11007 6788 24163 5748 26527 23275 9227 1119 25622 20596 24893 16698 9437 25506 12633 23744 28345 3801 15650 14105 18639 1016 14999 6237 25829 7884 10209 18275 16594
263 10897 26278 6093 12952 8600
777 16157 28550 25066
414 6453 9031
1218 2993 3171 18021 1794
1463 29354 2633 22889 7554 29429 11609 4618 17028 17145 23121 20899
1066 8365 29690 27883 10590 8317 24552 23509 27940 2560 2489 18958 20369 9344 17827 20575 9605 16684 26643 17620 6680 17774 20783 11909 5937 11049 24754 27067 4966 9008 11974 23898 1608 28626 9335 10898 16596 28666 15086 18152 15670 21207 25922 28832 7159 11670 4306 13120 9616 9189 18062 4477 3979 27897 7015 18555 17319 22743 10100 27245 26973 2488 14172 7856 25282 12202 6818 17508 13279 5958 9725 27858 6323 19368 9952 17635 11248 2401 20994 2413 14257 28093 7933 14546 5454 29101 7432 18842 7622 7139 8213 11795 10684 21896 9460 8726 16655 24498 4952 18795 8291 9589 6766 9251 7269 27058 14566 25733 19643 11470 18778 20146 5876 26815 13254 1278 12039 8103 19365 10137 11609 10822 19491 6627 16701 4526 13172
848 24762 11983 19343 14791 18578 13053 2670 9842 7396 22055 23240 3001 27074 11414 14828 15658 5797 20375 14245 7731 25302 1949 21614 15774 27532 23937 9689 28626 5469 2247 12819 2071 21578 17109 24866 11085 26659 2074 1544 24067 12756 17108 6855 23133 5155 1675 22282 19660 17638 20646 15415 11519 28944 5269 24535 12560 13938 18477 7689 3775 3521
242 28543 11006 28844 24881 8135 17654 21207 11805 1756 12363 5373 15826 10057 30035 15282 12975 25939 6122 15415 18099 26972 9000 27012 1541 14695 22700 8859 3934 12985 4317 187 14800 27662 8106 15984 8058 17267 14852 16161 22470 17623 15763 5651 24231 24033 27648 9579 24189 17071 9910 3353 17878 8728 11127 25447
675 15098 17731
1762 28690 9380 241 12806 13324 5196 1771 16 3178 11881 11311 20290 1603 9250 9480 9756 23103 18084 22237 28087 26382 26697 25924 10590 6818 20819 17539 29936 28643 6539 9037 25886 24229 22042 27869 22391 17785 20697 225 24328 11670 6485 12164 19418 26835 25067 17594 19452 29178 21748 5346 20774 7731 26380 18050 23459 28365 215 423 25837 28889 943 10697 12988 18727 30094 26909 29353 2407 15465 13325 17952 15378 1741 1168 11233 24060 22439 25112 9616 12489 25622 27471 2035 3578 22466 15406 22511 10592 1510 20500 29074 26180 24400 23546 24612 27331 4671 17685 25294 21436 29417 26005 27036 15415 20586 5269 2121 1962 17261 18636 5764 17661 16803 15864 10233 12926 22416 15838 7450 27310 11949 5590 3653 16066 26144 24047 12110 12810 845 3945 11804 10650 6055 9595 3980 22515 21809 3224 3142 27782 22623 17423 3606 13731 10495 24498 22582 9390 1723 9284 13058 12619 633 29377 15689 7080 24075 27077 23063 29404 19487 25895 16918 27518 15134 1457 20417 15154 16458 14507 19370 29481 8722 29445 29679 23661 9589 1332 22495 120 24390 2162 27028 1175 23938 25646 569 29516 7854 28039 25000 20923 17071 4342 16661 10183 12024 15632 26790 16344 28775 13033 4376 29164 9842 14677 18174 5960 1070 27049 2398 10358 24640 17238 6779 510 6495 24740 20637 29970 7633 7737 28626 21451 9538 22189 13436 15248 20569 19052 24712 14531 25759 21630 9723 20703 15927 10139 1907 16295 4816 20217 5505 20390 332 17188 2601 16009
1600 9564 13202
1848 7042 25111
1813 28206 7157
2113 19720 2780 13614 24107
1529 7159 29614 28507 2195
2015 25898 8814 10594 15888
2079 921 20006 5926 6920
798 12458 13076 25012 25848 17594 29314 16593 11439 601 22292 15310 26423 11949 881 14209 28170 4685 7852 26652 9692 15282 15094 27349 14665 22858 6839 17171
693 29153 13091 19290 15282 22292 24068 7017 10642 28200 16358
681 26372 16822 29287
226 21560
1586 17654 27940 5763 27331 12447 15499 18113 27597 23549
206 19258 23486 26191 6529
1656 5961 13183
2144 14146 12188
29 15969 11150 9954
1731 10514 2546
546 15670
729 20074 10050 30047 7691
960 17936
2062 23682 2495 28671 6283 20327 16824
816 19385 29614
1500 12924 15138
619 11041 28123 3354
2038 13927 7561 3348 9232
455 23210 8929 8398 2786 6156 18896 11048 26355 15629 7198 23796 9123 17129 13233 26017 865 8437 2526 9022 8136 28631 24349
2028 26597 4675
305 15281 5737 29978 16596 644 17267 23343 22905 2623
1673 24668 9701 28197
2074 11461 28550 25066
106 25897 684 16189 28347 4590
1574 8777 23823
1085 20821 2402
285 5861 5929 24822 8152 11321 9815 3829 26197 22831 11384 22308 10614 19393 1638 6403 29999 26222 26434 26079 22254 28481 26111 15921 16563 6617 16777 12872 17669 24225 22824 24705 9683 1106 7816 19475 13903 12017 6168 27563 20448 16185 8551 3981 6633 17471
1555 1611 28546 664 16799 17730 2101 7581
407 24052 18364 21781
419 19830 7636
804 28550 25066 17368
1020 21674 15972 29460 1125 8262
1862 26643 25518
405 19391 6992
1728 15267 25815 19004 29652 29190 23885 1331 1670 29526 6162 12138 2858 21670
1157 9641 18275 17654 14012
1576 21696 26643 9433 12926 7799 8410 28237 7852
2071 12565 13172
1254 7640 17195 28464 24218 23999 28068 4613
1167 24727
2149 4761 23857 18489
1335 16473 4872
821 16745 8288 7999
976 16556 17852
1631 6392 11096
42 24925 16726 6572 4221
1913 13854 13196 10058 7046 18714
1496 15793 19694 10768 14832 10442 6261 1424 25508
1628 21109 8862 19217 19068 843 25069 6258 8590
479 16386 17155 28640 7710 10901 29113
316 29302 18871 3852 25343 15258 19330
396 13960 13353 3011
1799 22122 22292 4830 23300 13081 8722 15914 5171 24989 13594 20058 17230 22008 13765 15282 12254 14445 28492 11162 14097
916 22122 23263 18550
1359 18707 68 3623 26766
404 6596 13099 14943 8472
733 22352 6967
909 5622 7263 27940
1285 26364 4702
863 29751 14151
189 17491 18967 25237 24531 17068 4462 24453 29570
983 25824 29165 556
958 19939 18116 25898 1242 21544 14214 18802 16562 4607 3344 19385 6004 20274 5045 22450 16614 8644 7396 12715 19452 14554 10811 15972 8262 21904 15172 4613 10100 15784 10073 18299 1437 28604 23684 8044 12304 20537 11469 1822 21357 13903 12019 10004 29101 691 14268 8263 4486 25148 15670 22897 24466 3765 25176 8951 2705 11261 8384 14577 27036 15536 13615 8684 21450 2332 13643 13936 9208 18275 25012 23330 8126 12768 14337 7659 4080 25939 17434 28503 14794 26737 6438 17399 20324 8664 9042 14677 24155 5880 12024 3648 10450 16561 27610 24023 25077 19015 6382 3498 6504 2283 23008 23820 14917 22905 15454 23628 28437
1838 21198 6321
706 1488 18489 8097 2370 9084
1983 18673 1402 11664
1349 22156 22161 240 20669 26208
1701 29280 27538
770 23611
684 8326 17455 16161 28498 22470 10125
593 19385 12478
530 17350 1490
2064 12881 22686
1472 443 1672 3847 27800
1513 7639 17483 10231 13103 12305 4384 5278 17145 18671
1751 22793 1505
544 5770 23684 15201 27063 19332 23794 24061 24588 27001 29040
538 12177 5483 9139 7893
1209 24849 28751
1071 19385 20117 20179 29657
1466 16350 2868
1047 28360 9437
2035 29104 25576 3662 13510 18983 5401 9989 22064
1406 6935 17901 27135 9390 6120 18460 28623 22466 18102 9335 19818 24285 27231
201 16323 23751
734 4762
2012 17584 9075
291 1326 2460 5644 21529 23008 29964 28630 26153 28775 13180 15321 10272 7450 6827 20954 23623 19622 7957 1753 8789 17817 29058 20669 6286 16513 17816 20488 29364
1186 14024 22437 17875 21678 14583 13561 22331 14056 22764 5406 9585 1664 6059 26514 9792 3543
1516 17857 376
852 1851 15657
1943 22747 24829
97 29714 5226 17436 3615 23675 6443 4615 5340 15053
2168 23217 1042
1670 20490 29138 17234 27451 12434 22014 1934 6030 28221 21840
1304 22743 6908 26444 7820 229 8226 27539 23955 3103
1436 2670 26997
1331 22313 1174
1236 16578 9337
1646 17117
1955 8134 17235
1752 7035 2144 28841 20826 19460 14127 21509 21197 22017 19223 27507 29490 20254 21588 12653 4919 29509 14606 575 11181 6034 2617 24942 11865 5539 8884 15136 24253 20604 11658 6477 23999 2741 22867 11634 4838 8733 13252 10798 11401 4616 9879
1293 3583 5752
244 7855 20741
714 4344 6534 27545 16720 25038
1296 13690 10 3968
1951 28128 23305 8075 28161
947 5344 269 1230 28562 18255
1000 20819 9831 2399 28441 25683 27102 15282 22127 13373 7417 20187 13328 4435 21849 7945 8990 20939 8136 4394 10627 9821 28390 16068 2376 26635 22718 4104 23262 27505
1260 21297 26353
1744 26600 8644
585 23026 4764 28486 1701 22185 6325 16730 21366 11046
1361 28986 5884 22742 8849 26275
398 17035 5610 26423 20116 448 14828
185 9533 16255 14544 15898 17804
66 597 18695 27411 13155 28534
1842 1408
1246 12431 20628
1238 2402 10585
74 26736 4823
702 601
1499 2522 17195 3682
1527 8491 2626
975 26122
222 1003 14704 29821
1520 3563 29795
1882 25136 8771
901 17827 21445
1176 22836 27084 15933
1914 17534 101
1398 9586
2101 8823 5773 15539
501 20244 2668
1721 14127 13436 27440 10654 1032 14944 18822 2231 10073 943 26284 4131 1543 14507 20056 20221 5257 4805 15044 21278 29216 4317 28375 19967 26915 1374 14547 9616 25046 17831 2332 19377 28102 25506 3934 24 10608 23061 4601 4108 12355
907 29814
548 11815 4388 20273 20158
864 15845 15595
417 16400 9412
692 26666 25754
1814 2951 6547
1418 1315 1247 6946 5797
1395 4802 17248 9719 7526 24863 11754 810 13523
462 21404 4245 14515 16317 18313 11204 13880 27380 13325 11255 10501 22244 14650 6193
2052 27675 29614 2195
2145 1760 3408 4291 764
519 1934 10583 5553 17834 15504 27451
1594 20146 23801 10587
146 10601 5463
1182 3888
2044 8582 12909
841 878 22517
231 17685 29325 4963 19030
521 19370 19125 2396
1392 2757 17330
220 22322 24015 29072 1458 12586 4332 4063 12466 20842 4263 17809 27708 16485 8048 15150 27721 3510 23519
643 962 6892
203 13189 23923
1263 9684 18998 19600 20933 21590 18120 9477 25988 2770 12903 22080 14514 14556 6756
1644 14734 11861 21501
1382 11461 17850 28226 16640 23036 29096 18342 19616 3279 29848 4355
12 10901 2825 27277 121 13255 10315 18317 336 18091
2153 17583 28625
1279 24983 1568 25042
817 8241
558 29672 21445 29229
565 6659 2858 4956 4663
1532 2025 29860
1298 11437 320 7418 17015 6694 13156
1806 15762 7628 8057
1130 15108 4033
257 14820 24762
1031 9805 26523
1641 6474 1884
583 9109 10104
1163 22292
1671 6181 28506 1972 29231 2640 25972 24646 7425 25822 27859 22065 14893 25859
1175 29732 7972 20183 26001 20697 24458 11993 18623 17598 12566 28202 19500 1320 24922 17283 13257 4145 20909 12437 5911 13510 18047 24833 28779 19259 10434 15695 10769 10550 9611 6669 25755 2781 12859 18460 27456 11935 4927 7442 20418 14441 19355 9958 20596 286 4864 1169 12211 9143 19927 380
14 27223 26001 2817
872 14275 6567 15055 19736 22 20589 19370 21772 16243 29476 12090 14506 6950
988 1975 3092
1187 29038 17117
342 26828 3837
255 18510 18727 27477 20871 19225 4820 7532 18460 30112 19350 5224 15026 14547 10900 26461 19385 12478 6175 20697 20961 27765 7340 14546 20891 6649 27704 2420 109 3070 20055 92 17644 9253 29074 13516 1884 949 10338 1383 21505 18352 9053 24122 28102 6132 22860 8482 20899 1230 29976 16159 11679 1683 13096 14953 3142 27403 7768 26366 7013 28987 2886 10668 6719 29592 22734 11969 1950 13869 17661
1089 5136 8015
657 15968 24784
2161 23534 27664
1787 1743 1984
617 12148 23801 20146
239 29101 14559 1387
646 13831 23172
908 5466 13894 14723 7329 27315 12322 588 1659 4464 17623 2224 12084 23395
1244 15185
155 7659 2325
246 11284 19385
1204 4221 21372 17865
2152 26461 25093
1414 20506 11754
433 17255 3754 24497 23751
1575 16029 16411
690 19420 10703 135
625 7450 2705
46 25881 21562
891 8339 14649
1461 16753 20498 10900 17261 25871 23999 10726 9116 9716 11673 16370 14877 10577
503 11889 4902
1079 27230 19291
604 6641 23744
60 6686 15039
1049 115 22060
1966 7137 25387
1156 5244 27221 19294 6806 13307
1258 6795 12436 12854 6089 8335 16465 28469 27361 5007
2137 23020 23955 4853 28343 1931 23535 20822 13498 2029 20766 9584 21653 16491 23415 7255 18673 266
1849 14442 20376 22689
1190 2228 21206
1159 23019 22490
1858 4133 26684 25010 11613 23078 62 12760 3200 15035 12356 17426 11858 13005 24597 17954
99 21034 9088 2440
1551 2654 4874 10583
2114 24771 8932 25051 5337
808 13786 20512 1688
2104 127 28427 4615 7839 26161 6903 15933
1131 16817 5962 7429 1649
1791 9622 14222 21761
1107 22292 25939
1242 879 28385
587 23243 11781 152 4830 5249 12237 11352 19229 1824 19499 29522 3353 17878 26373 21772 11841 7226 9607 14228 21456 29613 10781 13599 1395 25939 11932 12297 23755 27023 18905 13645 20935 16848 24136 14973 8394 13805 18717 22106 11594 7160 11291 22264 25848 20875 17821 19686 13977 16983 27762 5452 1894 20324 20809 18857 29414 6163 29964 27336 6217 12363 19653 10482 20574 28049 4079 2282 29283 14741 18675 5719 29552 13455 14413 26693 20346 28115 28896 20917 3310 26635 15604 14395 6011 10790 12737 11225 2536 8136
636 359 24316 1567 23478 19133 20031 13435 9079 3901 19132 25956 27274 24065
2054 9061 9740 9335 17384
2053 6692 11503
80 20496 5141
963 9954
838 11870 8718 1521 19260 13412 12780 18969 4042 20457 687 5348 7998 21494 17904 5198 12975
933 5269 9526
1535 10494
562 19847 10980
1270 19033 19714 5477 16809 7335 20949 2000 5369 21062 21307 27412 9583 853 2918 18389 24262 18842 27077
1919 29685 23580
1988 8495 16177 16879 22700 14665 1538 21937 20656 11853 2773 4039 11291 26547 19590 9779 5224 12568 25886 19218 6123 2496 6500 13222 27077 23063 25094 23845 17582 27561 18727 24204 23262 7865 9156 25111 15918 19174 25447 17753 5583 28744 7565 21291 26216 28960 2968 4769 12688 14183 28498 25441 25790 5855 12830
959 14323 17404
685 21443
1740 11853 4065
102 22554 10548
1681 14276 28544
363 26558 18899
1367 22977 10 18347 28523 4248 12605 22009 7681 12425 27510 3585 29587 16541 27106 11455 11162 10924 20807 30043
780 4038 18361
1174 15282 10673 811 24411 25012 13765 16614 21382 12756 9561 18481 25169 28909 17906 25345 20021 14685 6108 18762 25046 29654 4835 23030 23659 11640 5087 27012 21664 25829 23717 1874 17410 29764 10739 27482 9425 13242 8875 17471 30035 25495 5110 27103 22292 15319 6858 15553 17171 28175 24079 14042 8859 17390 26371 12467 7277 3989 16300 28920 25729 689 15954 6603 23698 24092 27144 27396 13441 18134 2341 19573 17526 18694 8777 5379 27589 11909 28620 9624 12423 3080 8358 3298 24189 17071 18893 26135
973 26372 15907
1778 2521 9383
233 19586 2002
22 7419 24153
410 28708 5765 18509 1782 25915 26116 23244 1618 4936 14688 2656 21372 9469 23627 24091 11296 11799 5838 13788 29172 21720 13784 11989 25817 870 15161
834 6782 12356 23567 25219 4651 24792 21066 22861 27174 4202
1443 19442 22995 21285 14054 29903 18559 5269 25480 18558 7503 3606 25552 9090 29135 13807 2949 25966 29799 9515 4374 3527 7432 29265 21096 17399 27896 6622 28528 25311 2088 11290 5589 23525 28235 1994 27944 5537 11973 19330 2678 25743 14642 4301 17275 2673 5559 20631 1541 23645
1855 18978 14507
91 12983 26284 28733 3930 15987 6303 29186 7166
340 15161 12284
1222 24685 8318
2029 29236 18651
573 17171 24698
1720 6976 20181
989 2527 11543
1014 29816 9252
2091 5172 13899 30098 12743 12194
1745 20826
204 2594 16601
1227 1370 25976 16700
1161 4962 343 21663 9139
1902 4914
1553 17530 30035
89 9462 28253 24988 3671 17169 9076 691
1465 16811 3167 23353
87 4221 3428
1396 14936 6014 14157
870 28389 15468 4865
1887 14717 15271 2758 3744 10725
78 25122 9459 2382 23405 15394 11418 9196 5674 7586 17264 9157 9811 12356 2758 1206
1507 5044 16968
1542 4882 11938
677 29001 3044
992 17683 17357
827 25099 1550 15805 3925 24067
430 9545 26497 16091
1151 14144 5587
1772 25122 14718 17822
932 17682 27049 9946 14950 12741 25191 11687 9128 24424 9726 15017 25827 27526 218 20435 13464 28934 11181 6572 10971 2824 24708 1533 14366 7430
2081 26317 1255 24544 14917 10014
1323 15443 14853 24470
1877 10637 29316 28751 17288 10866 29223 4586 20320 27789 15888 2868 12975 13615 559 4406 2724 6513 18681 21546 13268 24400 20949
1336 29285 27558 22292 12984 785 26994 3034 12167 14212 28492 1218 8859 22143 783 2243 12921 3353 24752 4156 10030 13645 8070 27687 16378 18905 27974 12363 12381 24783 27932 5410 4330 6347 2238 2289 17878 29101 24668 22888 12463 17207 28543 15448 19602 16956 6874 16267 11962 7310 9695 310 25750 20719 23579 20687 6099 22093 16487 8186 21876 28959 1383 6398
1449 1387 4374
2065 27310 27544 19976 16489 4001
1111 23588 28320
111 4710 5222
1137 19405 25897 8493
1703 3870 2634
923 16698 4751 526 1366
1587 24368 7599
781 21736 1854 25245 5779 17645
2089 13959 2112
1523 14906 18811 25350
1422 21211 3136 16612
836 20782 9152
605 26396 10620 18685 19613 9887 24821 14963
412 399
599 3566 23385
1537 1850 21499 21934 1295
480 25794 14611
1314 4731 6355
175 17967 11245 18639 18818 1756 24503 10057 15826
575 12657 27742 27702 18674 6781 5553
624 11245 15826 28556 13120 12383 27036 10549 17149 11518 22090 15713 15049 24102
1795 28950 13116 13186 8494
453 23552 9447
577 21415
1470 7994 7545 11296
86 28908 13523
253 8993
1278 29889 13674 7161 6040 13493 562
948 14734 15387 14735 14134 26441 24321 5031 24498 16921
312 18787 29498
1530 10721 24634
196 24261 23714
1206 6582 22074
1582 23777 4159 14918 25897 8493 17946 1744 12561 14481 22351 18365 10230 5060 28156 4887 26269 4018 4143 6112 19812
1952 24889 5026
1421 7421
2 24152 7301 18448 25818 23684
1679 7308 15895 12493
6 29999 15282 16575 25375 3989 5603 5811 15141 20832 3693
1289 6976 17526 11006 14197 25485 9329 13083 26526 11681
508 4671 4056 6855 9514 19743 6745
1735 17483 28349 20273 10231
334 7688 23293
623 12230 19405 21926 5313 20794 6808 16814
1060 17720 13346 20255 27545 11106 29424
236 162 25082
1710 15670 8135
198 19655 3898 17685 24348 18046 29113 25140 20943 14038 25166
1424 26322 7781
1273 19517 23656 26491 11743 6574 16129 21945 15759 18947
1256 5263 25713
1015 17965 12139
1654 12767 17899 15207
1829 15135 26144
725 24312 29326
2141 9878 24444
964 5661 13442
925 27278 3396 6652
259 19068 22828 19690
219 13765 22292 11322 15282
21 1404 17066
1214 87 5202 19827
1837 21562 12697 2485
1391 7043 14962
2096 27718 1694 17259 2935
1155 8482 17051 12039 25105 10048 20088 1419 16614 6958 6959 29626 5269 29799 3527 10183 6164 4682 20697 23157 806 23514 5590 18572 8498 10256 27524 2705 9712 29186 23161 23103 5332 25004 26927 3518 22743 26444 9584 18663 3277 4794 26614 1278 11400 24460 11620 20221
1141 9842 12924
666 22189
1599 21287 28325 28874 12912 2293
1878 27782 8695 4338 11964 11988
1894 27563 1162
1226 16185 26157
278 27216
1572 6088 29121 17385
2050 2088 29990 28660 4737 29958
721 8344
17 14503 8542
1880 15257 14642
1390 29611 9602 20088 11439 2130 15900 13988 25818 28889 1376 17154 21770 21722 29074 23668
1104 2651 7962 23485 17130 11253 16009 21066
1366 25558 23225
1369 9741 5546
1797 9550 29215 13219 10258 27114 17903 16298 27915 18041
1918 279 24701 22922 3125 23350 14911 22170 26546 26680 7706 27715 2884 27718 1582 531 15399 3373 3331 13140 25111 1522 23063 19586 9176 13348
1875 20360 11263
1539 19330 17183
1736 3951 28733
2134 22419 716
1941 4105 27773
810 6250 21606
369 15666 4121 1155 8333
851 17365 2054 4083
487 21670 6159 23733 2554
778 5661 11717 25824 29640
1755 19359 3482 24817 10120 22824 18503 17377 25788 11728 20044 11669 22871 26797 1493 23569 14497 4295 28787 5550 19619 17826 24832 3610 24225 12396 4577 10766 27563 1162 20350 5849 22491 21789
482 182 2113 6659 11837
313 17341 9296
1884 16437 2444 15317
1011 24708 29692
361 13352 25664 16466
303 17008 15147
1824 15384 25766
597 23747
614 15767 1383 20001 22790 27408 29735 6132 21068 26079
793 16655 24498 11991 20916 50 9895
1136 22518 24317
1541 20039 11216
552 19757 2724 19791 15619 3915
245 16873
254 2705 7450 23080 25192
1937 20951 28253 15797 18308
28 25630 20066 27768 26036 368 9093 18146
1025 6779 10757
1008 10130 12966 3877
247 23174 15227 14399 27781 14227 18330
1827 24924 22397
1711 18310 14866 16600 762
746 7842 851
159 25105 20763 3136 10871 493 1406 2858 2824 22207 20487 6235 11181 12445 20908 14860 18216 11705 5103 21013
1690 21349 6169
853 16428 7381 13474 23380 28807 28396 15959 27167 25472
1514 968 12541 1266 13655 14806
936 17970 8362
648 17237 23734 7462 25737 12414 10916 11988 28709 21057 25077 92 27889 13738 6253 22911 18369 20764 2653 12335 26482 18797 25053 23525 29346 28705
460 9757 18599 21615 24597 9459
2157 14721 23008
338 12813 16452
98 16192 11144 7635
674 18604 10974 9830 16517 26412 27919 389 6479 15387
579 27408 6132 22790 21068 29735 9695
596 4511 1675 25506 1834 26247 10459 17754 24889 5319 7628 20278 24996 19595 19844 20789 16549
2025 8094 13992 5573 27795
701 23047 6791
1796 4345 8057
2067 27720 25533 26327
1515 1009
1321 21667 29848 2423
1528 661
1856 21175 8729
874 5801 2909
1320 11643 27408 24194
651 2386 13687
466 28626 1620
917 12731 18361 15774 19679 20826 8303 10795
449 28349 8344
1903 22725 7313
1358 22928 8480
1967 9611 15044 10868
726 27520 2517 3524 21 18079
2170 8566 8879 5191 6419
287 20697 26001
421 2325 10015 24448 12342 26582 16240 8706 26444 27539 3523
788 14294 15159
940 8224 2858 1406 1670 10522 11181 22340
48 26497
1861 16953 7268 25031 25581 11400 831
158 6672 25004 27536 18358 28099 16849 18464 9056 10183 23275 1874 2130 3342 20146 2675 6829 1907 13523 16924 25508 22432 10425 24853 16537 10461 3584 20775 11047 2735 25791 18463 12079 7574 16133 17111 26571 16995 16159 6261 13516 15670 1446 22647 3898 15230 29833 28411 12756 2378 17898 6902 22976 4492 13592 274 27937 24866 5486 1538 4526 12545 2777 29468 18836 3980 2112 4124 1541 22095 5136 18426 15312
423 6023 24015 16924
394 7179 14571 421 20238 1980 3766 9845 15584 28716 10998 21672
47 5332 13719 9038
1144 10145 19336
1479 27036 6057
92 10837 28580
2010 10822 11609 12677
1229 8126 16478 15440 3555
416 20894 20705 4778
696 6603 11606
130 12122 11663 18683
1185 4755 11236
389 6666 4051 23511
708 7707 18538 17682 7476
1623 29115 22792
377 23476 8351 17898
822 18877 19265 20360 7988 24999 7508 5750 9842 20054 18732 24740 28797 12546 13396 8160 19882 26673 12610 16519 28246 8730 409 1198 26572 11713 7669
1923 21772 9745 15055
354 19265 18877
1768 19279 23335
2036 4012
795 20893 15875
1615 20482 11253 6612 4952 4503 26241 16864 21738 9258 21313 29221 28394 1066 25890 27010 13682 22589
1974 7586 26703 4002
1873 26811 10257 7119 8240 17129 6587
2006 19127 12889 30034
2082 10999 28520 29189 28832 18476 693
444 29087 1406 23904 17394 28653 28367 25211 13766
296 8585 13251 4587 16499 13481 25379 17333 11916
1808 12197 15933 8372 29138 16541
1743 3803 5603 27391 26718
1006 14847 6736 10681 1000
805 16381 24780 21113
248 23723 27930 8149
2066 7411 10415
1046 14184 19453 20961
735 20860 10917 8232
2046 10549 5619
1207 15998 600 17356 8286 21499 22975 19589 20916 13754 29917 21882 29198 24883 14323 11436 8968 6643 6518 14167 4248 21532 14952 25558 7956 7450 21615 13113 4103 14521 11431 5630 14163 26586 20943 9604 20875 16614 9799 22503
2102 10971
1713 3279 25347
910 3277 7659
998 29860 28151 15055 29476
379 5428 25557 28561 21384 10977 17142 23789 4827 18562
930 6572 9437 28541
1522 21772 15282
1980 24580 23475 19586 23874 14547 25818 11585 18461 21540 15185 15670 9766 10684 28147 12546 21221 21546 13193 22285 10338 19968 5486 26656 26762 26670 7588 20456 6222 17567 13190 12677 21220 10549 20519 15689 13102 2898 17129 11258 20427 20695 17809 22380 5054 18120 26900 64 23063
887 6137 27514 15666 24965 16169 1385
1777 4642 8318
2143 20495 20585 21517 25168
972 24155 9390
1215 4760 5747 3705
1033 14642 15257 10417
560 7762 23359 27773 17505 21191
1315 10560 8319 25818 8875 5982 11634 13516 23063 8864 9787 10373 25080 11483 24290 24871 21379 1670 19586 851 19327 16949 6902 23861 20298 24869
488 23307 2758
814 6158 14711
383 25897 18851
1348 18016 21445 29672 27056
1543 25692 13043 532
2098 461 14363
559 27096 12905
2171 8160 13396
293 27466
1101 21670 19574 2858 6159 5014 10609 11865 24167 13544 28943 6162 20600 19309 5833 15001 11032 13645 1782
2107 13840 23388
993 12907 27624 22019 20297
626 27549 29356
1355 20826 16644 16998 28723 18455
1301 12767 13448
1403 16770 22565
1773 12502 13495
2138 11430 21517
95 6175 23228 23900 21445
1199 14099 136
1012 28731 1384
1712 21059 2858 15001 4705 9946 26661 22247
819 19595 28713 2494 24507 14918 27780 2227 8646
2115 15454 16812 8368 25538
1911 14437
688 11922 2119 20635
773 8282 10755 8691 10150 25600 5476 4441 15051
665 9579 9345
392 14784 17200
1508 18358 22797 27665
364 28437
1558 12781 29616
2000 17526 8729
2126 15286 8753 9338 18204 25853 26900
1090 1538
2099 9589 14487 14963 27210 6480 16497
921 4302
314 12882 396
904 1142 7484
1697 9414 22114
251 17551 19673 9690 27726
1055 18736 22305
301 15001 3892 18115 1929 2112
1262 5136 426
676 8344 21517 20165 4322 19788 3769 18532
128 12783 25886 21579 10141 26572 1111 25299 586 26129 8753 15286 1657 701 5054 10354 18590 18552 9760 20875 19895 27037 28168 18655 24352 17575 21980 9080 20390 4682 1538 21674 28934 28626 7354 20555 4760 10217 1724 28277 9617 75 10915 10608 28510 20240 949 19372
2086 19878 27703 28655 19957 22088
1956 5269 25900
1224 26930 27296 21641 9523 18713
1100 15827
8 15959 8426
1439 399 25351
1230 10738 4285 23407
1075 6292 7184 23803 6253 25818 3671 29002 3463 1675 25423 12520 26866 23667 28517 21167
1753 15553 428 15793 11755 11217 14621 12317 14648
896 23285 24290
1462 24117 29958
1892 17636 13614 13756 957 25004 19154 8729 12304 5537 3387 1568 11473 23219 24541 17793 9344 27947 14577 24080 23063 21983 3436 14585 15475 28099 11245 4686 23275 10586 29101 10983 21389 12208 10719 2030 3575 17556 25585 24498 18102 10541
457 19466 22521 23930 5032
752 26858 17368
1693 23211 6307
2093 553 24105
240 14659 21831 4671
277 2952 28985
1043 17051 19496
1715 16219 6811 15150 12057 21152 4614 9299 29931 16016 25492 18691 6764 12712 12633 10960 25585 27466 26910 11227 4828 10654 26485 23628 12727 25562 20825 21770 5508 28510 24797 17060 18588 9327 18102 22860 569 3321 28987 25366 14911
1091 12218 12819 985 11400 23431 2609 17981 19884 28626 81 27334 7588 9716 20497 10285 1176 17918 2726 25818 2398 21034 2485 29480 14585 122 17237 28705 5133 10555 18947 13489 3425 14218 5310 11286 17639 15468 10254 23808 22095 29572 18642 22867 6480 17685 5342 9477 2098 27391 7162 24595 13257 26504 20461
339 14729 14785 2753 23709 6709 20851 28789 9882 12286 25657 22880 21982
709 10971 18508 27971
620 10650 27712 26091 19238 17787 737 15509
2055 10617 25732
1618 21776
182 11183 7328
1364 19329 6067
298 701 2509 14711
2133 22818 3244
1481 26652 12356
1241 18669 22232
727 3562 5747
1636 17423
1716 21612 12633 20888
703 21664 17266
1183 29410 25622
903 24861 22629 22686
1764 13444 28728 7584
532 7958 29281
653 10541 8318 19370 14507
1290 26553 6122 4880
1048 21813 16152
1164 25897 12954 26218 14740 2275
1440 205 22653 4201 25635 17219
1689 20951 27948 11107 22719
1453 10449 18901
1021 29301 2344
380 24268 10100
902 3330 14016 8795
1590 16357 6159 11181 5862
264 21474 19878 18435 19300 12633 15143 12719 24346 20730 26075 27603 16642 8140 22681 22494 20880 22685 15394 5433 17260 13731 1851 27407 13058 6850 25636 15990 4821 19083 637 5488 16048 9842 24492 721 29694 19465 27310 3980 19427 12892 2654 6861 16403 19501 24236 472 5499 23514 21342 20715 19147 17224 27829 27726 20183 20390 28816 19658 4451 1332 11403 3375 4376 8806 29826 5836 5571 18741 8791 10654 10614 27775 353 22999 22465 24001 7341 14747 25725 28177 27065 20150 3409 18243 12254 13195 9760 4052 5496 27333 19953 15224 14076 968 4557 18154 1455 26262 20565 4737 10352 1065 6527 22049 28626 27709 15536 8505 9070 19956 7916 13979 9721 1190 8938 27591 27532 6590 28924 5042 11791 1242 12435 8547 4871 27139 19613 9302 29706 1169 1711 20959 23618 5065 16165 24117 25883 17471 29187 18288 30086 8427 17096 7588 26366 957 16983 24232 4050 996 5296 9805 1545 25521 16106 2278 25351 3434 11422 26987 1856 18578 569 11689 7450 1436 6662 25180 9706 13202 4682 25111 27147 10809 5382 18769 7844 4288 15698 27077 4952 11047 22061 27581 12183 27704 17876 769 8130 1927 24068 681 502 18720 26 25148 29944 17569 14334 12340 12205 17599 18255 12699 12207 3011 1383 27766 1931 9963 10396 18669 22835 17557 24690 12024 9474 16645 14514 13233 25082 25988 21696 10350 19892 30085 25392 15465 18077 12753 19312 22534 15827 27446 19999 11247 26316 20497 27796 4425 6567 22905 26899 28518 21268 335 10577 678 10484 21865 25393 14679 6409 26968 15771 9999 15878 8413 19149 23285 27672 17364 11621 8684 24090 15172 19841 7825 24790 27623 16216 6927 18124 27008 15553 29948 25571 6984 15678 11720 6009 29528 18320 23549 1677 16 24477 26697 19341 13293 28181 6434 10455 22912 7992 10045 22662 2787 4997 6109 10123 28378 8701 23004 7051 5630 6193 25671 13902 7659 12865 25897 16189 26851 10627 1934 12453 30005 20649 2401 29404 3407 993 28216 18434 14399 29801 11330 19283 14042 25051 5337 8932 6298 2130 18781 12332 20423 28756 4543 9176 6929 30017 16598 20488 17258 14764 25016 25085 8879 22100 1319 22292 14105 3706 27012 20750 16783 20381 29327 24020 17012 11579 23512 2566 23063 15953 28658 3857 5176 2690 19554 24769 28635 7277 11036 1831 9119 9327 9231 5362 17384 13937 7077 29233 16133 27897 15857 8725 11118 11308 8200 5568 27595 8542 19072 29673 1013 3222 19479 24460 16177 12374 4569 1406 28111 25658 4827 2147 13783 27365 20860 18714 6746 11628 15250 2162 6918 17506 5923 26972 28421 10154 12989 6494 19487 11291 19306 927 2254 27308 11394 9344 21357 25850 12040 18129 30069 3784 21023 10149 22164 1628 12832 26586 1936 28817 13944 30026 7102 5067 6432 18941 17077 10394 9753 27722 18338 11014 2625 11688 18170 20168 24965 5844 14990 18219 27084 11419 23208 29692 29364 5911 25423 2155 23641 11006 6398 11530 29777 14971 9006 3795 16791 25694 616 358 20482 1315 15924 6256 11611 29848 12063 23344 5274 8320 3705 11245 15382 14093 2827 18141 12194 1834 13765 15793 22716 11134 19001 20917 27058 4674 18282 13741 12317 2704 695 6864 14294 17019 14322 5396 8721 14499 13766 12445 10048 15173 28731 7421 17833 2811 27781 11940 6621 29931 16919 12151 17470 25961 11112 25172 28122 27638 21501 24698 21532 5136 21853 26958 4982 22993 20031 27831 14660 26192 1451 7731 468 2232 22219 25622 25276 23920 24850 5172 1126 27929 12070 25230 5935 9334 26113 17109 13977 8232 5410 22696 3556 10886 13855 22555 1871 19615 11922 9068 26132 13101 18715 22022 13193 25141 9606 30060 9746 13155 22189 25856 22524 26876 20961 25278 22004 17081 8069 17054 13779 166 7908 9581 15754 15141 18294 28016 9445 18645 17263 8184 30083 22068 21553
1178 29441 12123 4221
1312 2378 30029
502 28630 10663 20826 17779 14918 17120
1867 27615 17937 8053 1662 332 29672 18073 24577 12382 27976 11288 23036 28862 4583 2229 22441
1412 26504 28732
96 1597 15413 29958
1039 15477 20308
2030 1901 20764 23527
1928 17141 28681
1292 17394 23890 660 24620 11393 1240 2446 5147 13334
1505 25292 21422
1958 25897 8493 416
1846 18761 20612 27230 19615 2019 22298
924 25897
1386 10369 8782
1243 1717 24163 27592 27997
370 2328 24423
1677 29273 1091
117 12998 1054 24794 24460 20479 10869 25197 22734 5775 205 13242 26586 25646 12921 27816 19985 25487 28626 6937 23796 13001 8707 11673 2150 7079 9053 10179 21597 18718 17113 2284 18232 9569 16229 27679 7402 3082 29511 29260 28313 4314 24510 21389 12080 17799
1836 18676 5719 25897
1054 6839 23887 26783 18310 11969 3703 19321 9477 19315 8043 4382 7984 9010
744 20250 14507
1351 23527 10310 8753
632 17368 20240 29461 10134 13958 26338
346 8437 4780 11087 27561 24861 7937 3166 13843 11787 5526 27763 15843 11839 10525 8536 24600
51 20944 23145
1784 9731 19586 18348
740 25867 4285
1790 5243 23981 28036 10245 17547
507 14711
2004 8831 21114
613 27217 23844 21511
2122 23449 25353 10872 3114 16650 3952 23838 29310
1781 730 957
2011 2156
1411 5105 21270
663 29810 14339 12056 17326
1669 26366 9978
30 3692 9586 13543 22650 12600 29994 13307 24823 4133 15519 15495 29492 13024 15976 2129 28301
1895 26515 15466
36 18632 3474 26681 10162 608 14963 20076 9608
1834 18636 1629
1333 9294 12227 27879
1357 18879 24337 17096 10310 21849 4233 5121 1248 6742 19504 2280 6925 14577 12024 9713 13254 15468 25646 12295 25647 8804 13058 8164 25147 24610 26944 7853 21398 28986 19972 12924 25452 14596 25855 24498 25560 3555 13592 8937 26166 922 4593 16495 4320 6774 9338 12079 2018 10886 1383 7865 19323 21308 98 5269 29082 25423 10346 23160 27603 1251 23842 17068 29210 11164 18916 10369 20354 24762 16867 17801 5752 20012 18358 16692 4175 5716 18457 24752 11423 17913 9476 26388 15245 20060 18256 17269 23384 22292 12808 1928 25339 10323 15282 24790 9722 28714 5279 10469 12833 29831 22377 28865 21630 23635 26584 14008 19452 16338 11909 9166 4982 2362 8866 6590 19706 26023 17371 8550 15838 927 21101 17580 12028 9208 16417 5827 27321 9695 11718 27423 26172 23638 4230 13396 14257 14989 22463 4983 28601 11388 24400 750 2931 46 13296 7342 4342 16080 21770 12764 1446 17364 11248 15279 17553 22208 4102 10267 11837 23179 24352 6291 27141 23957 16162 28810 18082 4366 9390 29564 13849 580 2563 5429 8542 22433 17196 18746 153 9821 21291 12786 1222 22480 22025 10125 25170 29509 9316 22108 1657 27616 13958 9407 1174 5386 25774 4131 26452 16780 8859 4221 23338 10919 15909 11447 8633 19606 1394 7230 6764 10570 10408 17988 20004 7854 16727 10693 16036 10991 15645 19860 10254 15611 24667 10627 14233 6463 28470 16074 858 13178 6116 11245 4388 23800 24012 27822 11355 18406 4079 6606 11872 993 26973 25163 11940 2471 13212 10092 20527 7216 24921 13189 27435 2559 12209 26912 9912 12578 17019 15465 319 14533 29848 16618 27202 26851 14866 29346 11270 4112 18724 24545 28356 21974 8136 19762 10145 24439 4126 25886 20103 7062 5428 13597 22609 21825 12440 14899 24096 6822 2147 10517 24733 1922 25111 25327 5037 9446 7162 25868 29711 4200 13113 18134 22221 20940 23174 23290 12801 8252 13436 28321 9235 22993 3432 12880 20328 9041 26226 16161 22721 12695 29592 1332 5319 24477 26667 10474 24680 21633 446 18390 16739 20488 10971 7696 8376 19319 2267 14369 10139 21908 15827 17017 16849 587 4030 3744 15633 7125 17360 6338 13830 19465 25856 22780 20036 20825 12706 27505 22630 6871 5181 29376 6199 20286 26675 7067 16261 26253 6765
776 21396 20488
411 1250 4949 24741 15067 9924
878 5872 11151 9107
1733 11224 29984
980 9566 11532 1217 23305
678 1705 7116 5427
939 27466 5054 9943 14637
1057 1018 23939 29046
1625 19271 25000
659 3808 1511
550 16842 22640
1257 2690 19554
1640 16197 22363
280 10002 18611
156 24217 29653
1249 7240 20218 14628 18638 13396 27271 14674 1378
547 9600 918 15219 6769
1526 4248
1945 4516 2430 30034 7090 314 8276 7642
680 20499 20764
750 24855 15102 12774
1683 29299 175 4306
957 22203 12347 27368
1859 24554 25709 25285
949 10748 998
38 2882 17368 25066 26858
1271 20473 1423 1538
118 22015 4306 20777 16557
441 25884 23244 13784
2106 498 20954 24690 6911
1368 28398 7841 27428
40 7235 1538 14747 17911 4220 6876 26166 26676 23157 19426 10642 14048 24690 13741
1458 29017 25331 26315
1992 13195 21664 27921 5461 520 26858 25066 20092 9801 28578 12284 25319 20039 16242 5833 19214 6855
506 24092 25895 8404
1135 6178 16031
1434 21323 16643
227 13657 21394
588 27372
1571 10377 19183 15001 9950 27868
1354 17502 21369 6748 24617 20959 25939
1413 851 20268 6516 16859
965 22864 14147
1658 16197 25766
2001 6223 3868 18497
1634 9437 11837
2155 29716 29929 8885 3148 26559 27955 12345 7335 9150 28826
1040 8029 1568
1058 23333 11162 2344 2668 7748 26684 747 8602 25336 23394 17897
861 3800 24500 10437 19052 21490 20569 16344 10174 23917 5156 28775 13033
1608 2563 7421 19343 28264 3928 24548 9644 1315 13690 9231 8885 29736 12105 25626 10834 27373 3473 11052 13385 6223 21335 6918 24107 19538 24400 13787 14390 1628 2858 20860 6398 2580 7786 3046 25775 10296 26084 27548 9589 3142 16753 13848 9805 17106 14105 3436 11149 2112 14507 19370 24439 21670 1538 28566 23624 27503 22734 24484 16520 21450 24667 14487 3995 23714 8337 7049 9061 14861 28685 10077 21949 4631 27064 16325 7062 14679 5806 3453 2352 11618 26134 19504 25737 18312 29383 19302 29161 24797 7588 28430 13436 19333 21606 10139 7852 22497 8035 5966 29678 23063 18352 26716 1156 25692 11823 25152 21659 6226 22173 11253 1749 24610 21700 5333 15944 28257 16886 14436 2990 27430 25343 22623 24889 7432 9207 2065 27310 7147 18685 19870 23636 19558 12546 22429 22359 23533 23938 22049 9404 17368 14323 5991 5415 2398 25199 17835 18743 20978 24162 24460 16370 11282 18646 4612 6169 17620 24804 11400 11539 25571 27968 19797 16086 25668 20345 4913 2740 19002 18796 25117 9594 14134 663 16516 15656 2704 15774 25439 16435 21351 218 5501 1428 13242 22796 28416 21553 25004 28417 16690 3481 21636 28254 17116 293 20298 20035 26600 13807 4737 24996 20278 9986 15784 23820 8333 3866 23091 11797 28213 11436 15600 23452 8725 10347 10678 195 12571 23285 11906 6553
1602 27759 18436 10701 12105 24525 24036
1947 4686 14800
438 3427 23970
387 8885 25620
1034 9468 5947 100 29614
2094 21993 25897 10118
418 2720 23994 7990 25408 15553 19863 12852 21313 23407
844 24070 17505
1695 17496 26900 6692
1195 15636
517 1387 24771
122 1317 24819 14005
1938 17692
1563 293 20035 19635
1498 21683 9333 23651 22838 24157
1402 531 23527
1415 4734
1901 11455 4132 16253
295 14212 22340 2396 8318 14031 25206 11566 28441 5224 19642 7877 7874 17008 9794
1975 23734 7002 13296 12376
218 8713 16193
1629 6013 14684 10497 14414
1350 18855 7313 5415 18268
1324 13966 7424
1886 26502 3279 24075 10275 20923 15967 15900 21700 316 21615 26254 20646 20321 27008 23914 2280 26366 8078 22331 14677 949 25148 4864 27959 7588 18169 4918 21752 24649 5269 26919 14906 22173 18516 9922 27628 24856 15022 1535 2767 8623 28450 14642 19426 6170 517 20651 8376 13140 3425 9359 26725 6686 20746 23881 7009 22036 11889 24290 15205 12056 22252 7047 1814 4184 10630 3913 218 9451 4345 22734 19487 1114 27223 3363 29831 6188 28756 21584 2293 6487 15600 1944 1727 3811 13873 20025 6734 5431 18 16432 11744 28532 26162 4544 22955 7692 15836 18604 7153 11041 3966 10227 28077 11300 23360 7970 12028 17854 19344 12088 15066 4076 5754 15219 17940 21606
2135 5387 23604 23903
1757 10296 26111 19603 13396 16592 9121 11166 1280 4612 26366 16636 9589 13839 2398 23800 19950 1303 24350 8164 11291 3448 21232 1504 21499 15522 22459 14416 7129 3276 5952 16034 9267 10300 14960 11738 27474 4149 15056 29517 8618 1190 21615 24694 15927 22095 12984 27139 1771 26770 21100 10556 6554 23008 4253 18876 26451 28184
2097 17123 18960 29178 7503 21827 14683 2159
1399 27278 6850 5158 4651 24751 8804
1627 27474 6409
1394 7450 16622 12487 29498 18862 15154 10217 1968 4122 17469 20390 1070 3409 10128 5266 8930 23810 17821 20875 20433 20092 29000 13703 18184 3463 3459 14633 1176 5462 5269 28665 3106 5199 26297 1856 24907 22860 15939 29404 24733 5496 9760 19285 24500 10437 5156 23917 10174 1953 11588 19215 4029 19820 6021 8057 21108 25826 13741
1595 28946 6438
311 20035 20298
886 7049 8337 6727 3995
1645 25897 18365 8249
49 4482 6215 14726 2272 5167 14628
1219 12943 13254
2131 28671 26230 21943
1964 20431 11377
1682 15433 28255 30012 24692 6599 3286 9822 18336 12955 8489 12483 21629 8832 3839 2043 25528 28897 16123
1213 6126 5336
1900 27781 3404 16814
1373 13555 28235
252 12326 25897 8493 22950 8783 15512 29479 2186 5060 27618 7788 15642 19978 12272 19182 21999 27547 363 21953 20422 27396 4902
1310 7789 1797
2119 20333 11741 24973 13015 6475
1476 10790 15406
1119 19339 1632
1302 8734 6223
1145 25690 21645
563 11325 18073
2024 17567 13431 27219 10411 5836
214 25296 2236
783 2177 3892 20170
297 6223 11143
1896 26676 15505
966 11436 16902
2073 26507 17974 14501 1568 19299
1655 24858 19620
345 19241 1429
1804 25146 20161
1486 13275
1010 12426 12525 8084
27 9589 13690 12024 23587 15976 1538
1437 29446 3600
1840 28635
2045 1492 15123
131 17136 13270 22962 19199 13973 25860 5993 1094 1501 23528 15924 248
732 18879 15052 25939 20793 8677
325 4547 14913 26920
59 25897 5060 12230 28347 3794
288 4827 2687
1802 15351 20608
1379 10497 14684 14414
1016 6612 18184 6622
223 29875 25384 9913 162 12183 16973 13237 1317 13944 15177 1603 21300 1911 26152 13565 4201 19534 23663 15776 13004 17235 780 6444 6424 21997 7177 14358 19170 204 26163 12070 18589 14695 4136 2284 22421 6230 14821 4790 25897 14800 15156 10577 18309
420 26944 79
1019 26553 6012
402 18642 8020 7142
695 9541 4676 10789
1339 4442 10556
556 11876 5624 17179
1596 18708 17421
1767 8239 5037 1849 5270
1785 9967 13093 25775 403
2121 7683 18310
1365 18449 26536 20181 587
166 1697
720 14070
1378 15309 8156 21445
621 18696
1612 18474 11270 20554
1560 8333 23184
310 13005 18700
1723 1658 20702
1659 15157 8395
691 3269 27881
1760 29669
1839 7610 15504
34 11015 4618
2043 4981
1910 28314 5469
3 7929 28440 27912 25424
1503 15697 8738 731 20966 28296
880 3873 23243
612 26469 21445
1546 13934 24926
2085 3463 24632 6900 5963 9050 614 5783 8926 19441 9446 3239 6174 20436 11522 15379 4268 21659 25312 9079 27769 11667 22734 2891 28590 29562 4760 2551 23285 7586 27092 13523 23979 1169 27704 25886 6403 21283 27985 24456 13873 17237 26950 11469 3136 28237 276 23034 10207 29187 11648 9785 11582 5942 23063 4221 4193 7663 9806 17336 2243 18554 8581 28833 24680 19133 23478 5269 13854 29006 5405 8837 12904 11571 22911 5911 20933 9310 12374 5239 23459 24762 282 27011
271 27872 28942 17295
439 23029 28648
1614 28494 10151 9459
0 4964 1280 6818 2861 25939 13765 22966 19445 15273 24067 8642 23991 1976 977 180 25646 27505 16375
1906 11269 13684
1028 8293 25530
1454 6662
76 21509
1635 26901 8675
802 25855 25737 13458
1188 24543 19851 22113
232 27527 3353
1081 8638 5422 2978
892 22371 27674 5111
2018 5733 7703 5793 4237
1063 24100 27683
1860 24117 7949 22472
796 20909
775 6900 28579 9642
1650 4344 29504
1525 16086 7815
107 20390
192 21700 3781
388 20992
1086 17526
551 26900 21068
481 24740 9166 18512
1092 19248 12024 26469 14323 11396 23577 8874 1988 29481 23310 10808 9690 15724 7478 9842 10983 8637 21110 2307 24329 9390 8883 7450 14183 13563 11193 13579 24045 24216 21108 16161 23674 3555 13961 11330 15005 21417 7621 26366 22741 4890 14174 4447 9731 13937 17384 3474 9732 29446 18275 4345 10300 13523 28511 8482 9544 12095 10724 16999 28510 18090 26344 1179 8774 16177 28577 1196 12620 21584 14278 20551 7049 15121 3735 1655 23268 16523 9740 19257 473 10254 5001 14181 601 2153 10469 1510 2402 7615 19791 29428 23579 7751 29395 8542 25261 23285 5425 5349 1858 9566 26023 22556 18714 7433 20139 17699
1217 11950
1068 22494 6659
362 20146 10873
713 30092 11220 12066 17061
2007 22623 4737
485 13908 27163
1419 1387 3527 26475
1420 15282 5996
1148 430 1275 30030 5850 19205 23800
1832 28306 28248
1201 22886 22597 7628 16004 3721 6343
856 3489 2891 23959 14469
55 19255 25033
589 1374 26116
1139 13543 3615 3200 3555
634 20587 27548
1709 25257 23532
1524 8192 23260
603 20311 26366
829 12010 15770 18474 21266 26898 4482 17891 896 19621 18966 22842 28674 3810 1876
2156 5818 10293
284 24840 332
25 19985 352
1026 29430 27634
869 10608 2278 8146 8402 3369
531 26130 10455
427 29402 29746
1750 29260 7595 28795
1317 9437 22849 23165
970 1562 4385
1122 17309 12838
23 6662
134 14494 6650 7629 17739
328 7241 13464 25347 10528
1118 26366 9978
307 19615 1050
2069 8516 23955
1170 23424
2166 29050 18787 29927 4499 25886 18152 25674 13441 29179 23165 10539 18598 6495 25000 21882 258 6671 8745 15896 21029 16418 17068 2907 12961 2322 15428 28164
435 12445 11401 9632 14616 12837
649 2974 15553 20181 26006 25527 11162 20173 7278
1233 27049 21097 21411 28708 5242 14783 29543 14970 5838 9304 10669 22657 22656 8588 23928 8499 1891 13231 15147 18600 2121 2390 21637 13556 24568 4408 4776 3554 11877 12801 10422
15 12336 11113
440 24162 5199
1908 24142 27428
1610 119 7841
1237 22094 18430
323 29187 11940
767 8848 25637
1961 14898 19872
308 25868
1264 12470 23763
119 3721
1070 16445 5954 6357
1885 25737 6612
150 307 23174
474 21663 343
718 5746 25000
897 24840 19940 21901 24717 17550 9321 22734 17817 28099 17401 29995 6782 5360 24830 6237 822 24414 8501 22716 16086 17271 1383 5911 23128 16976 5969 1538 14558 25891 22921
1872 6166 20551
375 6467 6706
429 18113 23415
1029 22860 429 10171
199 25494 16424
1428 17890 8178 9745 22146
1620 16919 9532 5412
1605 16636 383
2070 13576 11245
1970 2547 7768 9156
1622 19784
147 872 9650
2076 15466 12884 22669 29163
77 24830 5360 2503 1335 13757
2172 7642 967
1637 26847 26092 18641
333 673 23489 21936 2806
357 3173 27261
754 25287 26279 21254
1917 17237 29906
543 13724 21345
557 29174 692 10606
529 21660 25175
1647 27959 27116 9635 24093 2293 20025 24695 18255 1538 17395 8707 24006 8908 21584 11072 7034 624 10784 20034 3087 3624 14429 5379 2286 13492 3325 13237 28243 21132 25625 11776 27253 20663 25791 29801 10338 4252 179 26950 20488 19953 16117 6338 9873 15371 28928 25886 20278 482 24552 2808 5501 17364 24345 19523 21382 1403 7825 5879 4026 27981 7421 24685 23092 28626 7801 14042 24661 6159 26851 20949 10245 607 23438 23556 5479 25571 927 5630 4823 3530 12568 2552 25082 5210 7523 25897 17096 21122 14654 7427 16575 15793 17259 24460 23259 2741 28029
1127 16976 22329 23128 5969
1783 15553 27443
67 1606 845
1603 7123 4100 28151
866 21319 23028
2034 455 21266 14628
2142 14631 8529 408 3885 28534 16407 26335 1606 27354 6599 21850 17033 28188 5061 13058 5087 23717 404 20929 984 18226 4737 24717 425 1221 132 4784 1951 9508 554 147 16537 10026 25868 18084 21175 29187 28311 15846 5267
1990 15259 2243 19791 27049 13058 25886 11683 3652 5410 29250 6230 12380
1235 29479 21575
1196 13765 24881 23547 17171 29431 22623 5911 9499 28935 25447 6398 7031 6230 1678
1051 7949 23478
745 15172 3025 8174
1253 22775 19649
1766 4087 13160
549 25330 28225 8409
1210 498 22214 18029 1004
476 13736 17158 25319
1113 2709 7939 333 527 21513 6443
1389 26111 26773 28386 1383 2304 2832 22272 5644 4871 20235 8562 14378 5055 7852 23644 1702 24717 28796 15516 1151 25996 22814 10740
520 13481 14012 17101 7630 14469 5546 9741 2068 4671 9390 430 8195 12849 12361 8701 21460 26111 8286 22398 23655 24487 1856 23808 9818 4611 28712 12740 26366 8011 24553 26166 26146 22554 5267 18685 23987 12079 14309 25104 20832 4892 3286 24070 25527 8587 17025 7450 24690 11277 10300 29984 4559 29088 18775 15618 27475 19478 14262 10027 29601 28416 945 6035 9191 9862 11149 19370 4193 27960 29002 2262 4209 1332 30026 15243 19452 28548 3961 5879 4207 15257 30079 11680 22146 9807 1119 3094 10641 25801 12332 7841 19809 1689 18320 22386 12921 11431 18691 20969 11534 14531 20285 7421 24205 28826 26118 7709 16995 4115 2157 22558 28237 10536 13754 28577 12951 24478 4737 26374 24762 926 6222 20349 20952 3297 23515 14842 9930 23452 9176 353 29762 9224 14503 8111 22410 11334 5630 9453 11036 27954 385 18443 26867 19971 5764 15949 20651
52 22525 16382 28081
1473 20060 25991 19586 2974 2949 5028 7248 5835 25178
319 24432 4733 18841 23297
101 7049 18337 607
241 5546 9741
1666 8176 13870 14810 13832 11155 5865 5920 10420 7263
772 29595 17811 26006 3724 20393
1294 14794
697 6094 29316 16138
931 5754 24221
258 20170 20104 3101 5304 25584 16218
1345 8119 3846 18841 26264
2162 23483 14832 6263
1924 14712 20890 1619 22159 8163 15984 15577 9947
642 26377 1367 18814 9048 18017 19107
523 15679 27162 12710
1173 8189 1350 3261
1852 13731 13979 23527 5867
929 27538 14952 18275
2068 79 5060 24266
1987 2243 3353 4742 11841
446 9112 12397 10556 20641 15564 10347 9118 28890 27501 27759 12296 17557 16973 4982 13579 26723 21618 20250 25005 24230 22089 3120 21730 700
1969 7624 21586 2319 5163
1132 11920 20052
1632 21498 17181 12015 19178 15828 8946 16658 9680 5713 2152 26414 9774 6164 5932 19794 23763
1076 27825 24184
941 3136 6159 6505 17464 10430 2858 23125 13347
1561 25885 6879 6681 998 26456
1446 10494 24667
566 15139 10932
968 25897 13702
839 25996 10921
1820 24792 8440 5409 21063 24413 27272 21714 8813 23842 1718 22157 11598
2169 23808 23452 540 17111 20298 19635
1883 20555 5687
179 17663 9174 4858 7804 19837 7912 13636 23629 22311 9743
270 13867 14471
1297 19
2173 27632 26347 5073
358 5167 15210
378 25897 1671
1817 23959 8288
1429 29346 29443 1216 13700
1738 20793 30088 26498 23806 20855 12090 12953 7792 5469 13683 18531 3118 19172 28875 16831 8376 21894 3425 2180 23712 6315 2605 24762 3080 25143 1080 13908 10284 11665 4666 10617 27623 28665 24213 22605 13541 11738 18823 124 24582 14752 23687 10699 12379 21207 3900 11317 26031 9930 4774 20217 8194 27289 9384 1756 9008 2589 16924 13153 12865 8797 7163 29050 26203 27176 11933 27303 18358 18004 6000 25956 27328 11184 29864 14681 11251 17709 9920 18651 26166 23802 28953 2747 3463 7783 9589 17678 19452 23832 13638 17188 21528 4864 2401 23285 18274 5557 19361 12749 3289 20253 27761 20794 12513 24874 15507 21989 17649 19586 11241 13689 11876 27771 29649 29130 4394
1725 12342 19696
686 29454 30099
221 29658 16950 1559
1665 14142 2545 29044 25543 13970
835 28338 29385
1337 6595 17597 14323 26858 25066 8917 5747 10027 23327 4309 7928 20107 1641 1508 13090 21499 11420 12584 14130 649 25392 25348 2851 24158 24690 71 22895 22734 5557 3907 17374 1436 14153 17974 27226 17473 11442 7357 21151 20869 5879 1099
1448 20087 7987 6542 11452 14157 8770 6014 29691 14936
9 12079 29631 6631
1598 14201 16495 24660 13441
397 28809 17835 10204 6856 1311
2095 11495 25628 21124
1564 12608 26892
1868 22074 6642
1231 19312
2146 10641 3819 99 25883 28210
1138 20393 2378 7038 4268
496 4689 9544
739 4796 16701
2002 27147 25646
1027 8493 20706 12959 27458 22728 25897
124 8440 22553 21066 7732
306 8777 20794 20331
115 6223 21247 1752
894 15793 17594
157 8515 17761
1521 24409 14859 14119
165 8431 28958 7227 26890 11051 17811 9999
1495 24930 11716 14354 13451 23164
738 3819 29601 29523 14117 24098
1074 16731 17195
1221 8831 6991
1266 13409 16727 19525
302 943 14925
1949 29043 6324 6780
1352 15046 6035
229 15905 15623
611 2674 3857 14943 2858
406 14613 11647
279 8086 2193
731 22146 877
1250 13374 22254
2109 17457 27030
1307 25261 16709
951 25897 8075
2136 22796 2195
1069 27766 348
990 8628 29642 10382
1930 22577 25158 3408 14704 4102 6922 18246 5613 28705 21640 18870 7117 29157 287 18011 17371 25078 4537 853 25508 26084 22398 26018 19353 2380 8777 22860 1383 1160 29844 12158
37 10948 15677 18212 29493 25673 5474 26968
1287 25897 5060 17812 13901 25720 24899 13391 1744 23315 22728 12614 416 26304 28984 18458 20331 17342 3270 3250 18614 10815 9402 20480 10353 25607
1904 16180 22424 19886 6510
100 8428 3374 29276 6572
1684 2566 2507
20 15954 15282 19573 13765 27103 15319 12486 21888
1905 9136 28693 6278 15933 12813
1038 24113 883 3978
671 17117 14197
432 17963 7945 12543
341 3118 19172
1998 3721
1927 3253 23377 13758 18066
967 3624 2355 8626 11502 23228
1776 7462 23214 22845 15536 7674 23360
1754 933 15082
1819 5727 5764
2088 1521 13412 19260 8200 10508 6940 7054
1699 14679 11059 8562
1657 10809 18219
652 6301 2195 11680 26698
855 8376
142 20159
1041 10587 16185
50 30026 10125
1639 358 12292
1284 20122
1847 22189 16714
962 25897 23319 14692 22728 22026 23419
1117 28805 12859 13441 10673 2041 22246 2975 12786 24917 13523 14201 16798 26099 15989 1775 10375 23698 24660 20808 7768 30071 25360 13732 13057 4644 6086 4460
522 12070 14705
161 27206 2402
2031 2632 16792 26976 24861 20017 10942 15068 884 19721 26200 27459 19528 24399
1742 4887 3266
946 24863
555 5436 19622 29727
890 24076 8380 25736 24149 24657
1393 8142 19805
1143 17388 658 26345 14065 20870 14353 2780 23197 11409 3841 11075 11811
463 10357 16682 416 5269
570 24756 24507
1316 1928 2707
1912 18463 8337 21849
1588 22930 8534
1371 15538 10641
749 16009
1642 25004 6660 9492 10633 11900 20826
828 14114 5540
2005 24762
1387 10469 29260
464 12770 23683 6403
533 20202
1329 22709 28687
654 19649 23805 21 17727
2125 7945 20194 17368 3824 24319 335 28550 17404 27825 17963 29614
282 26111 3251
171 27012 19852
395 3907 15418
129 25319 9276
510 23679 12565
809 5060 22026 9979 15298 25897 12959 635
1996 26284 10606
1347 11271 17124
2160 22734 247 5854
1826 467 25079 12554
176 11041 7940
1626 9035 21613 27205 18917 677 4440
56 9947 24142 21936
1633 16193 28726
641 11529 30061
381 12743 7302
524 22105 16283 18018
574 29717 12220 28563 1696
1780 22362
1457 25919 24402
355 20051 18305 15598
1648 8833 25480
792 15815 3367 9139 29066 10412
110 16279 24762 25561 1015 20488
1573 3240 1020
1356 21882 19396 17179
1088 13920 1361 1181
2129 26214 9589 6969 9390 5379 7080 1383 25069 1994 1303 4363 6066 24456 5743 573 1158 18535 12838 22248 25988 21795 24337 7674 10468 11263 995 7719 25939 3624 8618 1965 59 9176 4792 16597 26115 6459 13452 4682 29601 13166 3363 19270 27232 29735 20240 26516 7701
743 14982 8866
871 25490
1578 24762
1997 11808 13344 27603
996 10453 14327 27686 21718
1557 11041 26481
580 11754 7924
635 4373 16803 8071
400 17506 12229 4039
1001 416 29201
1798 24762
1898 5362 23736
1330 12452 24660 17935
981 25897 20480 6204 18723 5073
2084 4945 27672
865 20144 4007
1149 24762
1181 30026 30067
1140 20936 5146
791 24762 25920
1756 261 21772 6950 26373 17878 7168 6880
1978 29636 27011 25405 10128 21776 30026 23093 29794 962 8684 29446 92 29288 12852 16128 28777 24762 15531 21592 15972 4952 24039 28748 14514 18358 25447 15967 20959 20354 17836 16436 29867 7068 842 13175 9373 30004 3595 18275 4805 18124 6894 28133 11821 8782 26365 29886 19834 30102 7992 12778 286 11739 29827 28375 1640 15256 13087 4388 647 23640 6153 26586 2162 3028 8964 3800 21138 3888 927 8472 19611 10477 19343 3498 10494 26435 12921 1718 6116 6484 320 26860 5230 13919 23260 29410 27817 20211 29601 17663 24707 13153 2402 24477 14622 2043 14628 6180 26616 9344 13503 11620 23541 21111 22585 5545 28719 21101 10871 5630 10396 22472 20108 16360 26796 5531 17945 19297 17825 11303 26972 16783 10314 9256 6076 29187 2299 3100 18082 4078 8403 28331 26203 7918 27595 6582 27726 11676 25886 17680 7852 15907 28247 9579 26111 247 12079 9390 27699 26366 17142 11343 10147 23137 21750 22443 1995 9821 20991 2038
2165 29054 8949 19119
1177 14950 15708
801 5155 2153
44 4406 4039
618 25897 5060 23419 25720 1254 261
1376 24762
1831 5222 21068 12479 7031
1208 13348 9176 15797 7328 8233 13836 24515 22647
1493 29136 13009
1547 25897 16826
1160 29465 10103 4885 21924
72 20580 17635 21662
1435 12921 7949 29614 348 17907 26704 27436 23652 17943 21402
1763 11106 21549 24486 10462 22633 7586 1704
2020 30020 22068
250 8218 5495 14280 2902
1265 5403 5269 27609 23189 25849 6603 7051 13313 13690 6850 3498 15332 24144 15022 21467 27012 9999 17663 3185 24717
728 16165 26252
2132 5519 30015 29533
1662 6173 13966
846 24762
1619 2688 18894
69 24242 24762
71 27953 9910
513 21118 17219
1384 29342 14924 19044
1815 24597 19551
112 1406 27692
736 29933
1805 18952 18919 26220
160 9530 26909
75 25478 23977
495 11423 4735
148 6458 10540
1052 4388 6989
682 25319 10318 27428
867 20298 24869 293
711 2684 9156
859 8720 13966 9515 15899
1668 27000 29887
491 16265 29673
1162 17103
818 21772
409 23959
1484 2672 10930 18981 16496
19 28809 17835 18743 10204 23373
1591 6151 18944
1036 5449 4478 4514 4757
16 15716 27446 19783
1741 4429 15065
2151 25039 19807 14977 5743
539 14284 2976 11415
2013 500 2003 4072
2105 24762 30058 24393 29023 26586 28410 3028 908 24131 1070 5952 12568 21583 15793 2770 12889 17625 247 927
630 2850 26624
873 9289
138 5070 20229
899 24762
2026 26580 22116 21946
2118 25897 16189 23794 24588 6964 3143
1562 8870 21476 15946
1660 15777 10048 9103 493 6920
644 10048 29276
883 29827 19452 26899
1700 21027
368 4235 17274 18045
995 13645 19602
1734 3158
1452 2421 22003 9516 17625 19476 13565 927 6438 23808 25708 6242 27709 11427 3948 25231 25072 12079 24762
956 10118 16954 15500 15370 3372 2865 4069
73 3517 1899 18142 20603 9065 10166
1800 12861 29250
2049 13633 1894 8136
1533 25897 4954 416 16682 18851 18458 2532 18257 26304
1567 4163 27657
1833 4317 25127
1585 3055 28143 7505
1851 21080 7273
759 15900 8097 27619 27156 4933 27015
2140 19674 26004
658 24423 16 13858 24762 15425 6567 28398 23560 19479 28216
193 28153 15454
426 25037 20384
535 18282 14142
1346 26975 18057
1584 16594 18275
39 28168 27037 19895 18655
436 21064
79 3106 10772 635 13275 3605 25897 24507
2127 8781
1981 7208 3952
1332 14325
11 16133 26571
217 20876 4084 21165
1059 14845 13441 14183
820 7060 6168 25862
1844 9895 23222 19083
1559 15363 27704
2060 8581 19829 1691 11143
1601 7277 18185
197 11006 3520 877 6189 24279 28196
722 13275 635 10772
1441 17621 9040 26660
1116 18719 5379 9682
1115 11375
2008 6157
1288 28323 11683 7446
1607 27377 16218
1212 26890 26263
1146 1433 11243 4771 29410 25622 13523
320 9258 26741
1986 4035 29701
2147 4159 3107
1617 26858 25066 28550 19685
1577 23470 4362 19494
707 24762
763 8554 24293 1366 23260 18957 22900 29565 9880 16995 19100 2368
1280 24881 12852 25592
2037 6162 9437 6418
987 17722 17668
1268 27959 28348 22960 28169 15922 5098 27940 28250 20876 7626 5102 2378 21980 2772 22681 11143 5839 20993 10627 3706 9762 8192 8337 16688 12764 721 12262 23488 18725 17567 8782 19467 1443 25329 4592 26051 13496 9338 26469
1169 24762
1045 22292 15954 11344 13140
1863 5136 6376 28491
425 6607 6418 21637 7545 16156
1344 5725
656 25070 18200
537 15116 21054
1275 25897 416 24185 24899 18458 15033 2947 8311 12650 12489 18580 20222 23737 8493 28347 18898 8101 5703 21246 26225 6331 27027
120 13709 14718 2775 2246 29267
1469 14068 21203 9429 23083
920 30026 15763
1002 333 26598
1950 6413 18612
879 25766 13989
974 6193 29571 4674
765 19452 22280 21175 13967 5994 432 8301 22623 1383 16087 24272 27042 17154
1030 26943 4747
2017 5667 29723
1687 24762
1985 27505 1768 8633 13191
895 28831 18157
1353 24874 20794 27761 13146
1326 13344 10449 20702
452 14759 19586 5553
408 27437
170 323 26471
719 22062 23104 5135
1184 8097 3757 24477 23110
1538 19586 21105
422 25066 28550
174 9437 30017 18508 10971 29809 17179 20426 10559 4013 28943 19436 17910 4125
1319 8566 3286
473 29233
1518 24762
299 18055 9192 29877
944 19368 25508
478 26366 9830
1926 10249 29397 10740 3345 24740 19452 5578 12624 20447 26572 18235 4983 20354 17567 14493 11643 25886 2171 13591 1505 26851 20959 28162 5363 17446 2368 24477 21696 20670 3814 4494 15585 23564 12565 354 26166 16621 24548 25643 4459 547 9910 9170 665 27703 6007 23116 11694 29887 18507 20129 179 28832 7367 19586 11066 16102 6398 29438 19741 11551 12895 29345 24017 12603 30103 16636 20939 8057 9390 17263 1827 21553 25381 29743 3061 25909 29765 6525 687 5396 13396 8695 11922 21291 5583 21818 14622 24336 17818 17814 14983 6526 2010 17405 22385 22488 1604 21725 3670 3806 7430 14554 7204 19201 10627 29445 27515 9256 5460 23233 25541 27966 4741 23943 14546 6527 17700 12568 21966 28106 5109 10338 2405 9027 18492 23644 19543 8388 25104 437 26670 15901 21450 18952 8955 5096 10515 9515 5880 1394 15703 8844 293 17116 4760 5451 9705 22894 20356 21243 2808 27599 25597 114 25043 20267 25004 12194 3078 27336 15063 16727 6295 3245 9716 8701 28999 11962 3905 16297 4293 8495 976 18400 4523 23489 17982 15337 9505 27157 3793 20651 7633 1568 27307 29284 28574 28731 20103 11142 3046 8090 1670 18030 22008 5575 21175 10296 24463 21046 22585 24506 29101 2335 12394
195 12436 1176 9295 25778 29976
180 11028 4920 7779 18336
216 25625 28706 61 4697 24473
324 993 9461 8678 11880 24138 17881 6623 2483 22516 15114 13206 8955 23135 8568 22287 14192 18531 27387 12430
489 16362 28045 3156
4 26676 9842
1761 16676 29319 29228 20825
1425 20142 22738 12017 15928 18839 9962 2266 9608 2944 17298 48 27173 27985 18963 19185 12618 26528 20266 27819 20006 19943 4407 1861
730 2322 2858 7143 19822
5 10394 15700
1959 24243 29276 9946 10048 14696 27265 23678
857 24762
1004 4207 3339
1013 30083 8328 29374
1888 19002 24259 29238 7899 23888 12062 29448 25163 2133 24558 24724
515 12460 4649 5307 1585 4637 26
860 6053 24762 11667
1126 6877 5776
1342 5410 16902 9543
1067 4774 26628 14629
1739 19863 29080
490 16368 25639 1628 7072 16417 25152 22461 5771 15173
2061 124 24321 8776 1797
57 28691 8202
1661 24762
1277 25897 22026
705 22862 4940 3274 16077 28779
1489 1671 25897 15801 14622 24831 3863 23583 4111 9846 17579
979 22036
1706 24762
639 9910 15243
374 23165 5116 11705
843 22919 17237 28705
1843 22345 26672 3828 2842 3892
1649 15790 18275
1890 1477 2953
842 29614 20077
784 15585 4494 12565
1775 22292 25939 13043 8463 24983
471 28522 25271 24588 1528
1747 13092 2380 9458
516 12278 2915 7192 3578 24611 3948 24418 7884 28003 21499 23022 9399 29887 16 2473 13394 2476 16709 19302 1343 25683 22288 16626 11620 24762 15430 5210 22489 6157 15638 26188 18974 16921 18720 26586 17384 1479 20012 6398 3683 8701 8129 8319 16250 22313 28565 26366 6947 19834 24089 19388 23214 28079 20136 4388 12698 23061 2704 8938 46 7813 525 21357 13560 9322 12298 5367 19253 25506 12332 16034 17258 2070 9589 17854 24495 17573 5142 27023 9108 7588 29973
1511 3027 17739
269 14845 7768 24660 13441 28498 14183 21518 22751 14837 5690 16495
803 13347 24010
1431 6104 14041
1879 5701 19676 2565
2057 14554 29345
1788 24311 13578 11364 24012
497 24762 20934
528 13862 6529 13074
376 4235 15624 20807
1818 24762
1433 16748 19599 22474
1674 10773 17011
826 1507 17286 14115 23100 24437 249
1759 13741
445 28657 20661 10661 24353
689 27911 14572 27452 10895 3878 16466 26483 28681 20244 16942 15750 29242 23149
498 9638
716 10935 24762 8136 30021 24846
210 22148 9013 24616 8493 23202 8403
1338 12021 25382 21886
978 7360 20899 21158
494 23152 13348
413 21700 25329
762 24168 25461 19736 2606 20331 26347 23725 29008 25607
1267 4786 23751
1519 28626 21475 26216
1494 20171 6988
1318 27584
986 19009 26358 5999 25337
493 8429 22326
1993 24762
540 10627 28092
1281 18788 28568
228 21034 17306 9601
541 25897 2298
2014 27201 17997 13111 22155 23333
350 24771 8932 4778 25051 5042 5337 23423 13523 27682 1387 14217 20894 20705 9829
1341 29095 25886
1812 11240 22728 25897
136 6191 16977
1405 15442 15149
650 24751 16677 4496
1179 11502 6595
1651 10985 9976
1303 20181 17063
391 4556 17443 3996 20928 28265 26113 812 25921 9075
393 3632 11571 16927
647 5199 21187
1907 335 7474
683 24762 19452
126 15776 12505
741 24762 28812 8535
424 4482 17891 9315
712 20192 4538
163 2378 29614 6189
938 22550 9805 10991 14390 28358
673 9934 27102 11248 22611 27431 29656 2557 18133 11940 28468 30026 17697 5786 24346 13765 24957 23063 2969 20824 28587 17810 7353 9078 1700 30006 1693 9923 12332 20825 13396 16851 18725 14028 9589 20036 3539 25163 22807 24460 16717 2157 20165 21725 6065 687 10809 14930 24357 8201 12427 9261 12464 21015 25437 11427 12079 957 10338 25529 27139 6793 5444 28381 18409 7474 24305 594 21112 8386 12891 15956 1169 11823 23286 12342 15242 18222 23271 19244 15595 28543 2147 15953 11492 12706 29187 22130 18332 7553 18833 6083 18463 23513 4152 5938 20226 20072 23579 24523 16474 11675 28986 26942 27505 17803 8314 25184
831 23467 14275 1944 5553 26366 13741 1538 28635 24717 18783 29359 9589 14812 24838 1359 7530 855 26734 1505 14930 24263 29388 18255
458 27523 13881 627 7360 27889
209 26033 6972
609 28986 1538
943 2836 5043 16086 12848 26414 4620 15981
1447 23175 29779
564 14679 13735
2033 15468 28690
1865 14680 4274 27106 18745 7644
710 16253 11002 28423 28461 27278 4227
669 24122
1438 14665 4566
615 2408 16877 13528 19538
451 13058
1313 25897 23340 29655
169 9152 19585
64 22728 25897 11946 22846 23315 3270 18365 22877 2233 29946 25607 102
1823 21655 1346 26571
1552 12532 25337 28413
2108 18432 2378 29614
415 29409 877
202 3472 26188 15282 13765 25939
1274 5926 15856 20488 25447 966 14412 21336 3843 11366 23040 28025 17005 28986
1792 15390 7328
1223 2780 21774
127 3222 20177 13280
582 21851 27511 10356 19514
1963 16013 6052 6254 24711 11477 4615
1534 17934 1399
942 18776 5936 8150 16312 15500 10118 16954 3372
94 10608 3081
428 14826 11388
608 16193
1722 26057 10512 23713
2075 12255 7111 24812
832 3353 9201 11248 15885 16124 20298 13874 13113 13926 25891 16778 19355 23360 18345 4340 7888
93 15282 25988
1991 3806 21725
164 3640 661 3685
509 5155 14397 10031
913 27084 11465
1380 12325 15730 25413
1893 1169 12152 18516 23911 22562
1248 25897 5060 24507 16189 11978 973 8493
715 3201 18373 23061 18062 18116 5233 521 18527 10338 7841 25450 21396 20967 9229 27069 7805 22571 15317 20466 1394 9390 20671 26039 15497 23063 360 23956 19586 20865 16297 1138 16518 16497 6926 25316 27805 7997 30039 20460 29361 7072 23885 20026 7758 23110 17591 16047 22110 14036 9279 22056 2660 5879 19724 7672 10421 19820 8213 15772 30026 11919 8358 5918 29594 9933 9868 22754 29818 18402 23484 7628 13541 8087 1786 20168 4569 8692 20347 3086 5030 18714 28217 29446 24336 22188 2724 11469 10758 26950 15394 9837 22338 26847 25652 20488 16013 1050 26851 10396 21451 5389 25634 24229 1584 15001 28815 17567 23747 20226 8403 15506 3095 15010 15976 2293 3425 14537 17802 10642 5269 17280 13193 8942 16161 23768 3529 24170 29918 20997 17400 4575 27969 29319 27008 20985 125 28597 12132 10320 15042 11224 8377 27489 10627 19452 14744 19283 10087 2221 12869 926 15827 28878 12259 9589 14899 12370 20993 24767 18937 28014 5697 818 13315 15638 25891 13926 16778 8555 7335 6766 6484 6398 11476 2424 25369 11667 23644 22724 7550 25111 15694 23832 3144 13690 9166 29061 24242 19670 10855 29409 5441 2189 7538 7663 20036 9153 15954 18516 19886 7248 23009 15893 265 28604 18767 22377 29904 15793 17096 23787 5400 8619 1070 10606 20143 12892 25447 703 432 13331 11927 204 9930 14462 1462 13530 20527 23079 7926 10151 16759 26633 13565 14972 18231 380 3671 5449 17237 25427 14609 7128 14257 2631 15008 29088 28394 6818 12646 25168 21940 29314 29601 25645 29599 3750 17263 29219 14961 22421 16594 18275 20698 17571 8613 19661 9741 25897 5588 3918 27505 742 4515 10577 25693 26656 4646 16835 6223 8166 778 16262 19660 4552 20555 10693 2111 20229 11799 16717 24252 22524 12380 22086 13464 21330 27906 29998 17753 26926 29627 20434 19839 21965 25226 3204 12473 5249 2496 23985 24060 1980 20693 7790 17271 25231 9152 7042 92 12556 14305 6091 29171 10888 9982 4867 21138 23574 22335 11067 4795 7621 11163 20934 11483 28458 8912 3014 123 3744 25394 1445 7822 13891 10749 14581 20192 18866 8557
1667 23004 6941
1853 24930 4187
1084 2655 23269 20612
181 25897 5060
1142 28333 24553 24545 29614
62 12532 25337
645 28255 10851 25389 15837 19970 17301
1749 21614 14172
935 22529 11225 29635
505 17621 7546
545 4482 17891 14628 19621 7044 9315
1801 11753 11793
186 20826 17380 20934
2164 25374 25454 23340 25589
18 12288 12792 9082
265 23842 17668 24930
1007 13885 20095 23049 10837
888 22537 22600
782 22734 24463 15496
881 25903 20202
2148 3326 17537 16885
133 2003 14895
764 21307 2829 24881
260 27966 1383
2139 29948 29740 8558 1863
1120 16229
602 15241 28721 16278 21849
154 15863 9941 5402 2970 10071
1570 8713 25108 3242 16451 26450 6131
761 29261 17660 11004 15953 18276 15430 2704 17129 23163 24846 21749 12181 13642 18725 18324 15793 14225 7410 8500 10144 16518 12070 9499 3603 22219 8437 26469 1600 5249 13577 1039 21237 25897 16189
1857 15448 22160 758
1397 24311 24012 11364
35 2893 17881 13366 14595 8699
292 9741 5546
2111 12231 15793 26188 5269 25897 12846 11355 30026 8777 12471 3152 501 6376 20322 208 8211 9086 12505 3365
1869 24565
999 12194 24767 5622 29075 9943 24067 966 11315 16013 4534
2032 17700
81 11439 9275
1685 22050 3036
586 25897
114 27390 15265 24445 29787 21501 2820
906 830 16343
356 22405 7797
542 25565 18803
1077 19241 1552
875 21465 5752
1509 4344
1485 12753 21065 18570 10869 19609
2039 17277 27785
1377 2801 21725
1306 1557 29614 8239 967
700 20782 7263
483 1520 18645
1492 18904 3125 24160 18127 28577 4442 3925 6782 25891 23496 20865 26453 1971 2575 17352 24854
1822 10787 25373
1073 6856 2527 13523 5299
2058 24962 29735 21338 21612
1708 16468 4888
655 30056 29090 15589 6849 11883 20884
1334 14972 20764
1782 25897 416 22846
1309 11359 8318 14507 19370
1050 8507 6810 5280
1383 22765 26113 11756
1962 26676 15523 380
525 2845 11724 5180
900 25897 5060 8493
224 22012 22178
442 28809 13523
1972 30095 19359
443 4556 18063 4520 2964 3978 22672
877 25111 6609 18739
1786 29356 9825 5274 11611 14677
1460 18818 26430
121 24323 19798
1102 12962 11296
183 11540 20181 27249 28179 12356
447 8619 27061
969 8962 18094
1286 9658 27041
1616 27636 5727
140 11940 14982
1889 20992 2444
2110 5545 10421
670 24119 5535 27927
1037 3544 19009 25337
1474 8493 25897 5075
332 13765
1442 10593 17022 19452
595 29152 20934
267 8444 12573 29897 28979 26176
353 30026 8866 22269 19708 1398 5091 27491 17223 24732 1154 17120 7788 3404 25822 18140 515 5124 9928 13146 20508 11475 4166
534 6895 22720 12455 8468 11068 15692 18394 29470 27268 19380
2056 19860 3947 19444 27804
300 25897 9241 6544 12614 16189 5060 11978 18851 1744 1671 12947 11946 17397 27494
699 16602 22011 12053 16776
2078 425 2207
1544 13563 20084 27623 587
868 8629
1106 1896
1022 18463 11689 4238
797 801 22287
268 1744
343 15190 22348 28227 28935 4308 26097 22763
862 8841 12342 23108
845 22720 12455 4330
2041 20006 28578 14272 21726 2786 8523
321 7066 29459 27465 6310 1159 11034 15915 25243 17675 13091 20462 11748 29419 26051 13894 6305
598 23763 24402 13012 24313 11698
629 5248 10681 7098
1579 9159 12554 6061 17916
238 19241 416 23163 1552
830 29564 2752
1408 1905 14686 3544
145 20649 19426 2798 17050 20298 7189 23139 25461 11775
1056 4839 24289 14142 22707 26138
191 7821 5974 28969 25077 25019 22170 8557 9589 29397 2816 19434 1386 27706 18572 29802 12874 926 24242 22702 4052 4755 10627 17217 3869 3965 20819 26085 11901 11228 966
1168 4079 24359 19772 22973 11443 16844 25148 12751 24737 20241 8898 13174 11215 11097 29987 28239 595 20004
1512 16161 20860
640 10469 13071 29788 8601 23703 5585 10736 8751 29260 24863 6826 27317 3763 23794 25662
1409 28597 20389 4166 1669
1810 22166 9762
1770 15793 10026 24010
1191 27601 9341 24498 26958 7937 8810 13510 24166 4952 10207 14532 22652 13855
294 19643 21882
2092 6936 27473
1811 3253 28863 20975
225 2173 6424
1916 29340 8156 27071
1921 22734 8854
511 5626 29054 8949 19119
807 1138
823 12530 15117
1613 2939 6245 14741 15857 4186 26454 19312 13609 21396 27940 10362 6246 3671 26232 1594 13510 22836 28355 16995 22170 8250 26285
1931 28065 19515 8409 5892
779 8761 28502
1467 10627 21343
954 9893 14836 5059 13024 11540 1662 13023 3927 7687 28209 24101 7095 25875 21341 767 22773
2063 1315
704 8713 28352
450 416 12947 24899 16682 25897
1624 14559 6211
1698 20501 26183 15619
1216 23982 25732
1999 4857 10221 16837
1897 16682 12947 24899 416 15992
144 13694 1887 3167
1468 28986 24477
889 18535 29534 23705 9492 27580 7571 3925 20910
212 6071 2206 12356 20732
627 25632 16365 4404
1198 22975 23005 28709
578 1747 28859
787 5116 20333 28936 19309 24637 28653
1240 11877
885 19704 24234
934 5526 28514
1816 5842 1584 25117 27903 24672 16368 3134 28748 1793 18630 24017 2237 25694 616 13937 11924 12701 16044 14761 22389 7937 20595 10794 29987 12298 5650 19780 22037 22860 9074 21925 930 13517 23259 29404 22519 23285 11419 23208 7959 20959 11245 6054 11686 19769 14798 14105
2048 3573
1053 29984 25684
893 13306 11223 6461 7586 19426 11136 5630 25492 8057 9231 26725 8734 15456 16075 8137 15149 772 29097 21300 16124 26987 20488 24035 24809 1746 3395 17567 19312 12679 6398 13058 28177 22361 26287 5100 26085 11689 29498 2572 7092 26619 8798 25111 14696 12837 3554 19452 10300 12408 6922 18111 4476 2547 18408 24898 16296 8885 29780 8557 11492 17368 23967 5645 14665 20223 21392 2350 18255 7959 10125 217 18913 29564 20911 26028 8019 19853 999 25937 29306 14695 22747 8491 10627 16961 17312 25601 3732 7659 18219 1780 25761 824 12079 17096 15352 19097 20642 1762 11353 16790 14810 13223 12751 28694 20307 20853 7307 25158 17657 2231 10372 15962 28448 16655 20875 26226 24938 18024 3944 12706 29546 27256 15798 19720 23514 17639 23092 25856 4964 11924 2221 10217 20767 19030 19573 27819 3722 18613 4030 18330 8424 1031 14221 1542 13439 2328 8341 15754 14055
1854 2775 13243 10997 19497
2021 4218 13738
61 8493 23155 416 13553 24756 10600 3106 20334 2233 2298 23777 10772
153 27597 24477 13510 18255 28577 18047 19221 1966
386 26248
789 25897 11946
1686 5410 2744 25865 5108 12860 19107
757 19 26166
194 25897 8493 27780 2715
1692 2182 23037 173
1152 11940 5620 17451 24477
1017 7351 12407 6395
536 25857 21578
2112 12698 4388 18267
806 19179 1927 12961 23456
554 13442 7613 16167 11685
1328 4792 6695
1971 6256 14110 6884 23800
985 3392 425 4160 16178 29410 5080 28550 25066 9729 2467 8433 21112 29361 19244 513 10199 25583 3405 11686 8567 4388 1383 1568 16049 25561 7248 8135 14183 14622 17816 26612 21700 2708 17960 26787 13170 7079 29062 24668 7151 20949 4771 8715 17435 9022 8396 15282 8564 29206 9370 28416 25307 20669 1643 12070 20476 7768 8364 20279 5512 27460 14792 8030 5243
769 12812 6230 5285 9390 14013 7474 24477 6875 27505 1354 1753 25737 21647 12194 11212 26851 10407 14223 3577 2023 8542 1782 11989 5765 6922 6455 20621 8665 5396 15776 1032 12181 6156 4575 27969 5004 21595 20128 9748 17325 29187 9862 10963 19910 4139 24082 24642 26928 29784
774 22700 9131
256 10616 23862
1276 7118 2708
1565 2019 8156
1719 17547 12174
365 24762
553 22751 24660 14380
1005 30070 11236
1948 768 10934
329 21542 14605
1032 24597 17570 16244 6308 27235 8971 12076 22717 13972 26483 16466 8204 22830 891 28056 10985
1272 16518 16310
662 15282 3906 9176 22292 13043 1538 25939 18187
456 21670 6659 8761 10962
1580 12317 13741
2116 416 25897
1828 17963 7945
1758 24483 24762 24292 69 308 19801
1727 26660
104 4035 22975 14278
1417 7959 1817
151 22418 29904
2027 6240
1432 29788 8601
824 4217 2118
32 24637 2177 13812 20428
1548 10225 1387 14217
794 15694
1251 5685
568 13441 24660 14183
1765 7735
1105 7132 11820 16467 2861 29136 14499 4562
2047 21206 10292
1282 21421 22500
2009 21067 8889
518 19909 3395 25733
1696 8412
1042 23177 27689 18484 14291 14106 10479 18702 18437 10845 4944 2662 25851 8710 11141 20445 27725 244
1973 26446 13827 17005 757
1866 17451
1581 18820 21173
1444 25523 24320 23466 22881
366 17465 24578
953 25447
1400 10048 15935
477 8437 23247
1540 26928 4828 10342 18134 23087 22221 25293 11785 17156 26243 6065 26851 12543 14524 13990 23519 18193 7814 24783 7767 18516 16068 26698 17963 15657 12865 2633 17185 14844 7659 27044 9414 19704 12688 5636 3040 5354 13354 6528 24247 26568 28189 3737 11385 9010 27544 23513 25940 15502 7408 24767 25641 15275 868 11692 19560 10675 18781 19318 9795 13881 24846 6765 12640 6255 23832 7601 24219 28623 23451 4592 29499 6621 23326 14792 30031 1510 5363 16531 5149 23555 11353 23942 29112 24441 2215 20012 17096 6021 25168 23061 5754 18358 632 18275 26589 5165 11223 2082 2497 24462 23015 28184 10207 15416 20039 16041 7565 11675 29806 28416 25423 21426 7051 1383
664 9496 13275 23155
1114 15172 25454
1261 3638 4778 20894 20705 14217
1737 19491
1225 11047 18275
514 23904 4125
470 7768 16495 2119
371 2691 16950 27703
162 15638 28177 21562 27162 3010 28295 21070 16752 8908
2150 15776
905 7959 27969
1729 13563 16253 15495 13543 17319 29457 24823 6806 12688 13764 27789 25996
945 27537 13907 9603 19177
262 27505
1134 17421 3085
1232 23747 9840
330 10208 8618
1977 17302 4449 18750 21512
1935 22229 364
1459 2836 14841
1483 22008 28472 16672 15914 16932 17369
322 11660 2219
2120 25221 27357
977 28597 5000 11785
1374 16863 5642
1416 28211 6963
1771 14356 13963
1455 27953 25559
884 17759 23528 1501 17994 21469
249 29431
1835 20484 28291 11057 521
401 29858 26779
103 13464 12445 1680 14616 2858 29277
337 29780 2858 3428 10962 29039 13464 1406
672 328 27257 5809
1018 28621 12721 2143
567 10373 25864 11607
1707 15448 20955
272 13974 14435
1094 20565 15269
1108 27257
687 14294 1728 15198 9980 9658
1456 25218 28534 3573 6599
190 4964
638 1499 9863 23056
628 6168 25355 27754 2892 27537 17212 13597 12194 27819
352 30026 5724
1003 7597 18299
811 7828 5189
1362 29153 6534
790 2996 3580 2514 21365
813 7358 1406 3428 21248 24230 7241
1401 28269 17751 14947
504 25897 23155
1475 15282 7812 22858 10627 22292 7945
1477 1590 12203
437 7241 1406 24230
1621 17220 29567
1825 8279 17954 9586
123 12679 10564
1688 28565 4674
1891 21071 30070
1663 21670 19183 1670 10048 24779
858 8662 29772 26231 12812 9325
742 12015 9187 2880
2117 25865 23235
274 21037 28310
631 28398 26252
919 1555 2195
982 14133 6926
2163 22960 10448 2542 13436 7031 18219 27172 24545 20488 13458 118 21423 6230 17765 10836 22287 7528 12847 12584 20690 4 3222 727 14290 11146 18820 16628 3512 6398 16412 25447 22924 25897 15709 10595 16881 15878 12575 1382 26865 1332 6059 20598 17091 27066 7825 7070 11820 6496 29175 19834 1193 27824 26973 5522 13737 14942 7407 14678 14826 10364 2875 23262 4474 6338 14982 1037 17196 25823 26313 889 18152 20896 28577 11175 12227 11444 926 19509 10125 4672 25868 11926 12624 25922 28657 7034 10914 26469 24945 19312 24007 10997 25097 5774 22426 23084 24762 9619 1356 10835 16897 1383 23092 5505 15651 4756 16972 27936 16161 511 17237 4104 11250 26638 7184
1061 14201 5362 16495 7768 29380 10513 30111 8315 14183 10161
1864 22857 21479
723 11692 4964 15793 8136 24952 11957
1299 29101
1388 1137 12646 20636
926 21617 12739
1933 13937 11414
1490 10608 6195
698 6226 27231
1946 9380 1568
1430 9716 4 14128 6736 12540 19769 2317 18206 22254 11692 10142 432 27302 13892 5758 18332 23953 10236 7031 2582 10758 19509 23668 4749 17494 18467 23063 12332 29479 28347 28722 15003 18047 23429 152 22839 4384 10231 4601 20476 12099 16497 24242 5149 2816 528 26097 25362 6270 13690 2250 4385 19149 5687 7610 28247 1191 8130 12570 21711 4609 16864 23664 23088 5441 12869 11777 19864 17963 2471 26469 26753 13436 25423 1201 27262 2543 25345 2262 11837 3324 8987 1551 28626 14183 14380 17585 6320 13948 20879
399 15984 25099 26377 8901 21002 15690 153 18242 20746 26515
1748 15834 29449 1481 15448 16946
208 19221 30003
116 9634
1211 13846 25939 15265 27842 28767 26739
581 5818 8944 19283
1982 22780
1375 10394 25060 477
500 13881 16756 7086 15787 9795
1404 7598 7556 3756 1075
1097 18535 24391 29804
2103 7565 17162
1252 635
26 6195 14453 1457 69 9801
1488 15776 8576
290 22653 29277 29879 21670
876 17982 13447
235 3820 27698 12847
1340 24860 7386
1609 24562 9498
950 23821 15583 12349
1158 8189 13907
200 147 21343
152 14040 29896 3732 20638 434 27623 3915 10260
1989 4435
1283 9197
952 24176 3415
499 25746 6355
1202 2816 14536
2154 15485 26683 17938
273 17473 5971 670
24 15793
1464 27217
188 11744
2072 30026 20860 16161 10125
1694 7115 6599 12695 15436 7598 6500 15416 9475 7031 6153 16141 1317 22325 9812 4760 6398
569 14183 5690
2083 18957 12440 14133 685 23672
914 16494 1705
184 28053 22989 8502 5165
1372 3889
373 15793 14507
768 9303 6616
1944 17575
347 16872 4787
367 1743 24863
1566 269
326 1398 5272
31 12156 1707
139 15462 13467
434 4135 7113
1510 522 13179
43 9549 1678 6660
1726 14946 6128 25149 18012 11650 1707 12395 986 8047 4969 17487 17135 19252 9786 31 28963 16361 3625 21775 20328 26274 5794 19702 10944 4688 17725 2442
1881 15668 6818 1894
1325 21315 10024 7248
1597 17188 16697
2128 1263 13185
1150 9303 9059 14300
1200 8401 2533
213 25897 20706 18365
317 5187 29759
1803 5782 27512
281 1671 15298 23319
660 28865 6132
54 12284 22865 22858 26680 23305
1451 3296 10779 17859
2159 27319 4735
2016 16338 4890
83 22292 17862 2284 28926 5278
1638 5364 2385
2158 18057 9363
1957 9498 20902 12580
1426 8422 24489 24618 4732 12436
33 7779 29713
472 1609 9544
561 27761 21926 26596
41 26469
747 17465 14548 4528 8040 23033
771 23357 14507 22061 17816 20026 22053 3649 3892
1410 669 21779
1234 14223 28416 9942 8701 2245 5911
1517 23962 24002 16206
1327 12646 17229 7655
105 11727 7098
1322 22292
2090 23997 3806 21725 14654
1678 5851 28626 4523 17419
850 27648 27700 11263 13205 11098
815 20979 13614
1487 7632 14486
1247 1457 5583
576 23184 8216 10429
1172 25426
266 8146
800 3046 12863 2611 29934
1259 11863 26861 2826
390 12279
2023 16610 7512 851 22366 2616 8470 18088
149 3201 1176 26586
1793 1012 12194 3733 27669 28534
1675 18330 14227
786 17963 2471
633 9335 2241 26283 2567 3631 3556 6727 5561 26938 23735 18532 17053
132 17268 1996
1953 10961 13501 17033 12256
526 23803 7496 3754
1095 20310 26875 17325 4029
1080 5562 7240
1110 22326 13208
1531 17384 13937
837 22485 28525
486 23848 27623 28543 9743 28994
1807 8845 24358 874 16962 19914 1036 10069
1228 8200 25745 10210 28076 242 2206
1611 13352 8893 29147 248 11770
1920 30098
607 24109 11128 19867 13508 16908
825 16901 13882 1065 1568 9519
882 24242 15194 19107 3772 22414
1044 21884 4903 27013
45 14800 10632
1536 13465 2621 2526 9510 1025 20476 21322 9392 787 5364 21941 21917 22248 26750
1491 15793 15285
1850 25840 20714 16858
1643 2684 24660
88 23664 26086
360 26895 16086
1506 22497 9451
1423 14507 19503 12321 29114 18880 23963 12807
276 16402 25760
1407 23959
384 20722 19014 17417
756 22061 12267 23139 1406 25057 5136 12445 20250 11181 1124 23922 9573 23203 24912 18278 24141 20903 17307 6418 29087 5745 1604 12825 22453 25915 15525 22559 3785 16925 1618 24637 17219 12682 23305 29166 13766
65 17360 23376
1569 193 15370 9271 16141 14945 23621 22864
911 29601 5911 19698 1568
1702 19427 391 29332
1664 9973 20682 6658
955 20860 15763 21344 9749
2167 10961 17033 12256
1165 9148 10987
1239 610 18126 1093
1724 6764 163 16067 26862 16216 8756
1556 14648 21858
1984 15978 11059 136 1302 8562
237 7208 11244
1705 24762
1593 22724 13135 21363 21178
243 29800 989 11160
991 22958 27011
385 1611 8222 12950 12622 25479 11165 6077
178 21670 9946 6659 19796 35 11181 3997 17628 13760 23811 6135 29117 6475 22340 27035 8588 3785 3649 12837 29939 13766
207 11414 13937
1497 3932 748 16051
927 8609 3109 15856 27648 8801
187 6043 13050
1193 17185
359 12609 27664 13283 13933
922 25766 4378
68 29928 14870
1109 11315 12914
833 24816 5806
469 23602 23275
1478 10308 945 29305
1124 15516 20700
1009 15628
1098 20477 25897
1746 21134 3219
799 19696 29367 16607 13278 18918 1391 25117 5249 19465 16492 16563 5822 12079 20702 22840 24945 25394 25342 13131 996 12353 26788 11824 1976 1409 24660 14183 20223 28390 17681 21030 15924 5943 10324 4747 18314 5095 29421 5003 10938 9732 20486 26584 23635 21083 1528 25790 17701 9751 14654 27190 10369 4555 12204 3800 29601 2099 6871 18467 1942 16467 3080 23260 7647 13504 2815 17895 21808 8581 4159 14737 15729 18258 27797 16641 19576 10919 24060 10284 20728 16161 25831 6448 18309 1044 10676 7723 15754 15416 26253 16261 7067 29243 9623 649 18597 12334 18187 29446 22718 30009 2202 1831 2854 25775 17216 3072
63 4228 20187 13328 4435
492 24012 27832 20281 9149
1604 15023 813 20181
679 24651 24584 16056 28227
1112 15282 17073
215 15282 17171 8859 29969 22292 16628 228
915 21273 390
1360 28101 6121
1128 18215 17268 8391 16855
1343 25868
1295 416 7788
1960 23623 11372 1785
1568 6662 1743 11 14037 18520
1480 20163 28309
1630 25897 635 6950
1300 25897 17120 23155 2233 24899 27494 28347 13553 6544 25720
1083 8363 28053 28126
590 22864
344 7235 11692
1125 13737 27132
758 24569 10245
1482 25897 16189
1269 17650 24352 26399 936 8276 23361 19370 15465
766 107
1311 24228 16563 21908
1072 15712 6195 5302 14405 3377
1154 416 25897 11978
1779 3800 18569
1676 17575
572 13921 18160
694 23302 23995 10494 12914 1178 2366
2059 25897 8493
1024 24762
1129 876 24641
1194 11277 8006 12774 19439
1502 8348 10442
167 5323 14527
661 23773 18270
261 977
372 798 618 3476 736
459 19312 9092
1363 27265 17816 25827 13060
1794 15768 15833
1939 25897 28347 17120 1671 416 13553 24899 10118 27494
849 9652 22844 1123 13149 17935 23398 9645 2466 23094 8834
172 8491
1087 8987 1551
1065 25897 416
584 21619 29484 12565 388
315 7792
1876 23477
592 2045
1672 10354
1189 3080
431 27409
1589 14756 2837 18098
109 29636
234 13262 23349 12302 11281 23436 12599 20064 28956 1148
918 6662 8403 4196 455 9046
1932 12063 11478 4099 29621 22195
2130 4098 17947
1035 16002
1870 20419 6664 20286 16628
468 12737
1899 10362 1149 4204
448 16025 6488 3879
600 24198 4297
1909 10543 21375
286 3107 18365 22936 26109 20845
1680 8458 27408 19644 16902 15387
1381 13640 20064
351 15628
2019 2119 11922
984 25897 416
1121 877 13064
1714 5060 25897
1976 28362 28336
1653 25897 5060
1821 10030
760 14507 2927
1197 19361 25106
1592 3285 12688 29376
1504 17722
622 12079 23063 1976
331 4711 13519 23386
854 16051 7208
898 2536 25561
465 1998 13761 18679 13533
1220 27623 6560 8859
1255 29697 25327 20591 5754 20036 3539 14954 16074 780 6818 8491
1717 5008 22292 28384 13410 18126 27523 16570 24727 12422 3616 9445 13458 17537 23956 14724 16798 2508 8507 9473
125 17700
173 688 4111
7 30026 13113 29506
1305 1028
1205 23633 24012 11394 20838 28363 24894 14542 12606 15918 27419 22879 23854 21575
1954 21512 24060
753 10754 30026
755 8491
1171 28678 8136
108 21731 24267 9156 8315 28498
1845 15754 11425
1769 6619 3869 10469
1936 15628
1718 11962 622
230 3309 28929 18461
1691 28635 27082
403 20240 26516 24444 18120 25608 1994
1554 30066 19585
1450 653 25024
135 9155 7470 27478
971 11761 8399
58 5866 8155
2123 3826 5205 5769 24349
594 25238 26953 9857
275 18134 14695 19271 27728 20934 10594
1166 30016 14960
1732 9094 18608 923 7265 10561
