928 24741
1427 906 28638 15483 5721 1389 21442 9622
84 29614 19615 8570 8589
994 20131 16920 18818 20854 25475 22396 26309 25290 28590 29375 8531 5809 16323 17502 5350
1370 1667 26529 15622 15793 25594 28889 16231 16965 25942 23034 13754 13881 23539 20515 29440 19531 22292 2724 817 26193 4816 11284 19385 10768 12525 19599 12308 8637 4807 18358 22966 9462 22247 23729 24036 18031 15149 13516 8665 19986 17269 13908 9545 8376 28887 27102 16137 6225 12016 15465 709 15536 28257 22291 20221 21614 19167 21722 15670 26461 9898 24179 20404 23863
2051 8978 27505 3281 7243 15364 29093 1113 24493 29247 28941 25661 4355 4220 10514 2546 19452 7418 19586 25159 12880 9433 4941 14932 26702 28643 2932
1652 15141 13959 4279 29841 28499 25172 11925 15553 9487 15673 27703 19068 11283
1245 28394
591 9641 6177
2080 23121 803 15282 22292
1965 5016 11123
737 15533 15364 20645 19613 6487 5341 18800 26465 24381 5253 18243 13941 15670 15840 3985 10233 11271 6976 20630 1406 26429 8791 23287 19741 7690 12289 25355 26763 614 11512 24685 19365 13048 6661 2787 9231 13748 12975 2271 25276 8819 8044 27644 3934 14782 3777 21614 15080 9415 19936 1499 19368 23013 4215 3473 18708 1434 6897 4355 716 22419 8385 3315 5158 20220 17483 4384 13442 11933 21977 4952 10807 16578 12630 25818 24022 27305 26680 17186 10256 128 8875 6387 13202 3166 24454 22416 11301 25619 28601 5614 711 5499 6039 2951 5584 996 22593 24343 1596 20371 23121 16102 20130 13847 12679 23855 12866 3046 17754 3070
349 13763
1082 14701 8492
2042 7627 10946 8484
571 20035 12289 293 17116 20298 28318 24869 12150 4089 19635
1471 19385
318 1425
812 28132
668 27367 5269 25000 23206 5136 18508 21529 29093 15670 1170 28216 9215 6506 29653 28430 27940 20961 8264 19949 7992 20142 11210 3583 19972 24879 21687 14127 14828 394 28758 18432 24983 9390 9090 18730 28658 5118 28314 22548 22743 18964 668 2809 8581 22280 16883 4530 13952 10338 5224 26696 8726 26461 28058 9007 16628 14917 21130 27864 1564 11245 5957 20298 5449 2634 29372 18116 24498 27212 16921 11949 27789 18396 7540 20273 28349 10231 17483 24464 23684 3092 10396 3473 10740 20571 16241 9731 4374 29182 12086 13563 18861 391 13592 9465 23063 2704 8634 17369 16614 11889 10272 22988 13660 14470 15080 24060 6378 19370 14507 9385 5630 3764 26214 20943 22221 18843 26322 29046 6132 13193 14424 13233 19464 1629 954 1383 21854 25671 18870 10764 2929 12079 6518 12247 10192 13024 19979 23086 14430 24067 17659 24484 22095 1538 21584 27146 20959 15976 11458 19678 4705 16958 29899 2915 14123 24548 1237 8791 1299 19748 27894 8183 5339 3224 7984 822 5216 2473 18010 19426 1948 7239 13624 9760 23636 7736 24300 20755 11744 25571 22623 28422 23542 18873
1942 20375 2558 15523 24545 5269 23206 12085
1064 26001 1538
327 11016
1545 20510
1550 1449
1385 17400 26642 4057
667 3793
82 13168 10046 22414
1549 27703 29747 17847 28821 18268 18089 15358 1420 19828 2417
1 18885 26947
1934 23747
85 21407
113 11063 16254 13637
137 14068
10 14701
512 4837
1968 28859
724 23764
717 6159
1922 23802
1501 15017
1099 25477
1103 27643 1383 5491 28777 23504 28626 24712 4487 19228 2247 10207 19857 15670 21559 15793 2332
283 13023 9203 6590 17408 19155 10973 23478 6247 7827 12386 21938 1520 6453 1112 2560 7691 20103 1771 3522 26790 14383 22649 26382 28709 998 28883 21584 19096 18582 17237 11588 17759 9055 20819 10073 22127 29311 3864 711 29687 15887 20427 21850 17563 17186 5902 8707 1155 14390 12039 22733 4515 18358 22173 2563 9946 28181 3870 1242 14896 2402 24717 16161 10125 2801 15857 21942 21615 15647 16564 18858 23190 10544 20188 25897 28298 21007 16204 22416 19147 11906 20905 25405 27132 29743 11245 16652 6463 28412 3425 29920 12540 2609 14554 8753 1286 3600 23806 15923 3791 25534 29164 18454 21199 21146 8404 15174 4483 957 30090 29628 15716 8701 7417 21937 22768 3111 1383 16557 11670 1582
143 4592
1133 15060
70 19068 23507 11047 18306 20134 14896 27686 27665 2625 3606 26480 15900 6539 23341 10504 15832 19113 15111 14323 17404 21891 17825 17208 6911 968 12962 1047 29818 29816 19385 11937 28168 27037 19895 17817 16811 16883
205 23630 5278 2929 23580 5705 5619 3965 20006 407 7401 11881 18082 7418 26214 21475 22197 16193 1586 1919 16189 23734 24444 19972 5577 10596
937 16968
748 28216 3294
1995 21148 22974 21670 11865 11181 8867 6759 2557 29438 2411 4362 25695 29798 16891 4221 21013 15001 26386 2177 29253 9276 26108 10433 12002 27186 5611 8669 11643 29335 28944 4606 28402 5770 23686 26614 7574 5100 27163 5496 12233 11704 27100 14137 11499 14424 6882 11245 5598 16598 18329 9491 11640 23438 15845 25534 10825 23658 1699 28940 17857 16845 17841 8083 9437 15749 10139 10618 23165 23731 28360 11502 24295 5136 8782 12915 8461 17840 4845 12445 5200 3811 2816 28005 28425 14616 16920 19561 24993 8548 1828 10369
1123 23775 21146 5223 13413 20105 17654 14369 18179 14214 10338 25886 15675 17267 5845 24410 5049 6018 26818 25677 8846 18305 14919 8313 15401 15080 21553 21241 2024 12384 4998 12399 14663 20814 15654 6120 7411 19385 20697 27153 5973 14293 813 2491 24033 2654 1541 15415 1554 18648 25333 6002 9842 12043 12693 20668 20965 25873 18535 2689 23515 15534 12175 24429 14761 12675
1940 29422 3876 25561 12421 4675 21414 13767 5715
1093 28884 8746 14769
484 29396
1994 26126
1830 174 24802 18542 13005 24002 12254 399 24748
1583 23103 4492 18701 9123 13233
382 16942 20244 28681 8006 6014 14936 14157 8770 6542 20087 11452 16143 29691 7987 27452 10895 3878 12774 16466 655
467 16157
1023 15756
2040 26494
475 5917
1774 17984 18800
336 6499 22292 3970 24320 17712 24493 11258 8859 13645 12513 23375
616 7428 13741 9616 12146 20181 27238 24695 29971
1871 9867 25787 12198 1139 27260 6747 2050 6695 13941 15793 28889 23103 14791 19452 27409 26023 17129 607 10151 28128 17526 16193 17171 14293 15553 6976 11006 26447 5917 28726 24881 18897 19385 28418 26834 7572 12972 9768 24177 2550 4172 12478 29657 17169 29006 4317 29614 19785 23186 1568 18535 23379 12804 27336 11208 22441 10340 18305 8729 24668 11243 2378 27264 16034 7347 27870 483 13342 27648 15496 9746 27012 26557 29533 26567 4242 29376 27174 28353 17071 16776 15282
2003 3747 1568 16790 19452 14445 18842 24881 17483 5917 28726 13765 28889 12975 1214 17570 16244 23589 28228 28926 24068 24189 10643 14507 22572 27648 11583 28071 1259 8381 28301 16622 11522 21688
751 2426 28075 10814 25252 319 4139 28442 23787 16421 23665 16431 158 209 19385 28371 23036 23862
461 8760 19988 18731 29712
1308 11813 6265 977
1789 29625
1841 19385 15670 23081 14791 851 23579 6017 73 30054 15465 380 23638 13656 24983 17208 12997 28564 29265 340 28293 9390 24651 12859 15560 6196 28841 17646 21384 26170 27934 12072 26019 7841 11007 6788 24163 5748 26527 23275 9227 1119 25622 20596 24893 16698 9437 25506 12633 23744 28345 3801 15650 14105 18639 1016 14999 6237 25829 7884 10209 18275
263 10897 26278 6093 12952
777 16157 28550
414 6453
1218 2993 3171 18021
1463 29354 2633 22889 7554 29429 11609 4618 17028 17145 23121
1066 8365 29690 27883 10590 8317 24552 23509 27940 2560 2489 18958 20369 9344 17827 20575 9605 16684 26643 17620 6680 17774 20783 11909 5937 11049 24754 27067 4966 9008 11974 23898 1608 28626 9335 10898 16596 28666 15086 18152 15670 21207 25922 28832 7159 11670 4306 13120 9616 9189 18062 4477 3979 27897 7015 18555 17319 22743 10100 27245 26973 2488 14172 7856 25282 12202 6818 17508 13279 5958 9725 27858 6323 19368 9952 17635 11248 2401 20994 2413 14257 28093 7933 14546 5454 29101 7432 18842 7622 7139 8213 11795 10684 21896 9460 8726 16655 24498 4952 18795 8291 9589 6766 9251 7269 27058 14566 25733 19643 11470 18778 20146 5876 26815 13254 1278 12039 8103 19365 10137 11609 10822 19491 6627 16701 4526
848 24762 11983 19343 14791 18578 13053 2670 9842 7396 22055 23240 3001 27074 11414 14828 15658 5797 20375 14245 7731 25302 1949 21614 15774 27532 23937 9689 28626 5469 2247 12819 2071 21578 17109 24866 11085 26659 2074 1544 24067 12756 17108 6855 23133 5155 1675 22282 19660 17638 20646 15415 11519 28944 5269 24535 12560 13938 18477 7689 3775
242 28543 11006 28844 24881 8135 17654 21207 11805 1756 12363 5373 15826 10057 30035 15282 12975 25939 6122 15415 18099 26972 9000 27012 1541 14695 22700 8859 3934 12985 4317 187 14800 27662 8106 15984 8058 17267 14852 16161 22470 17623 15763 5651 24231 24033 27648 9579 24189 17071 9910 3353 17878 8728 11127
675 15098
1762 28690 9380 241 12806 13324 5196 1771 16 3178 11881 11311 20290 1603 9250 9480 9756 23103 18084 22237 28087 26382 26697 25924 10590 6818 20819 17539 29936 28643 6539 9037 25886 24229 22042 27869 22391 17785 20697 225 24328 11670 6485 12164 19418 26835 25067 17594 19452 29178 21748 5346 20774 7731 26380 18050 23459 28365 215 423 25837 28889 943 10697 12988 18727 30094 26909 29353 2407 15465 13325 17952 15378 1741 1168 11233 24060 22439 25112 9616 12489 25622 27471 2035 3578 22466 15406 22511 10592 1510 20500 29074 26180 24400 23546 24612 27331 4671 17685 25294 21436 29417 26005 27036 15415 20586 5269 2121 1962 17261 18636 5764 17661 16803 15864 10233 12926 22416 15838 7450 27310 11949 5590 3653 16066 26144 24047 12110 12810 845 3945 11804 10650 6055 9595 3980 22515 21809 3224 3142 27782 22623 17423 3606 13731 10495 24498 22582 9390 1723 9284 13058 12619 633 29377 15689 7080 24075 27077 23063 29404 19487 25895 16918 27518 15134 1457 20417 15154 16458 14507 19370 29481 8722 29445 29679 23661 9589 1332 22495 120 24390 2162 27028 1175 23938 25646 569 29516 7854 28039 25000 20923 17071 4342 16661 10183 12024 15632 26790 16344 28775 13033 4376 29164 9842 14677 18174 5960 1070 27049 2398 10358 24640 17238 6779 510 6495 24740 20637 29970 7633 7737 28626 21451 9538 22189 13436 15248 20569 19052 24712 14531 25759 21630 9723 20703 15927 10139 1907 16295 4816 20217 5505 20390 332 17188 2601
1600 9564
1848 7042
1813 28206
2113 19720 2780 13614
1529 7159 29614 28507
2015 25898 8814 10594
2079 921 20006 5926
798 12458 13076 25012 25848 17594 29314 16593 11439 601 22292 15310 26423 11949 881 14209 28170 4685 7852 26652 9692 15282 15094 27349 14665 22858 6839
693 29153 13091 19290 15282 22292 24068 7017 10642 28200
681 26372 16822
226 21560
1586 17654 27940 5763 27331 12447 15499 18113 27597
206 19258 23486 26191
1656 5961
2144 14146
29 15969 11150
1731 10514
546 15670
729 20074 10050 30047
960 17936
2062 23682 2495 28671 6283 20327
816 19385
1500 12924
619 11041 28123
2038 13927 7561 3348
455 23210 8929 8398 2786 6156 18896 11048 26355 15629 7198 23796 9123 17129 13233 26017 865 8437 2526 9022 8136 28631
2028 26597
305 15281 5737 29978 16596 644 17267 23343 22905
1673 24668 9701
2074 11461 28550
106 25897 684 16189 28347
1574 8777
1085 20821
285 5861 5929 24822 8152 11321 9815 3829 26197 22831 11384 22308 10614 19393 1638 6403 29999 26222 26434 26079 22254 28481 26111 15921 16563 6617 16777 12872 17669 24225 22824 24705 9683 1106 7816 19475 13903 12017 6168 27563 20448 16185 8551 3981 6633
1555 1611 28546 664 16799 17730 2101
407 24052 18364
419 19830
804 28550 25066
1020 21674 15972 29460 1125
1862 26643
405 19391
1728 15267 25815 19004 29652 29190 23885 1331 1670 29526 6162 12138 2858
1157 9641 18275 17654
1576 21696 26643 9433 12926 7799 8410 28237
2071 12565
1254 7640 17195 28464 24218 23999 28068
1167 24727
2149 4761 23857
1335 16473
821 16745 8288
976 16556
1631 6392
42 24925 16726 6572
1913 13854 13196 10058 7046
1496 15793 19694 10768 14832 10442 6261 1424
1628 21109 8862 19217 19068 843 25069 6258
479 16386 17155 28640 7710 10901
316 29302 18871 3852 25343 15258
396 13960 13353
1799 22122 22292 4830 23300 13081 8722 15914 5171 24989 13594 20058 17230 22008 13765 15282 12254 14445 28492 11162
916 22122 23263
1359 18707 68 3623
404 6596 13099 14943
733 22352
909 5622 7263
1285 26364
863 29751
189 17491 18967 25237 24531 17068 4462 24453
983 25824 29165
958 19939 18116 25898 1242 21544 14214 18802 16562 4607 3344 19385 6004 20274 5045 22450 16614 8644 7396 12715 19452 14554 10811 15972 8262 21904 15172 4613 10100 15784 10073 18299 1437 28604 23684 8044 12304 20537 11469 1822 21357 13903 12019 10004 29101 691 14268 8263 4486 25148 15670 22897 24466 3765 25176 8951 2705 11261 8384 14577 27036 15536 13615 8684 21450 2332 13643 13936 9208 18275 25012 23330 8126 12768 14337 7659 4080 25939 17434 28503 14794 26737 6438 17399 20324 8664 9042 14677 24155 5880 12024 3648 10450 16561 27610 24023 25077 19015 6382 3498 6504 2283 23008 23820 14917 22905 15454 23628
1838 21198
706 1488 18489 8097 2370
1983 18673 1402
1349 22156 22161 240 20669
1701 29280
770 23611
684 8326 17455 16161 28498 22470
593 19385
530 17350
2064 12881
1472 443 1672 3847
1513 7639 17483 10231 13103 12305 4384 5278 17145
1751 22793
544 5770 23684 15201 27063 19332 23794 24061 24588 27001
538 12177 5483 9139
1209 24849
1071 19385 20117 20179
1466 16350
1047 28360
2035 29104 25576 3662 13510 18983 5401 9989
1406 6935 17901 27135 9390 6120 18460 28623 22466 18102 9335 19818 24285
201 16323
734 4762
2012 17584
291 1326 2460 5644 21529 23008 29964 28630 26153 28775 13180 15321 10272 7450 6827 20954 23623 19622 7957 1753 8789 17817 29058 20669 6286 16513 17816 20488
1186 14024 22437 17875 21678 14583 13561 22331 14056 22764 5406 9585 1664 6059 26514 9792
1516 17857
852 1851
1943 22747
97 29714 5226 17436 3615 23675 6443 4615 5340
2168 23217
1670 20490 29138 17234 27451 12434 22014 1934 6030 28221
1304 22743 6908 26444 7820 229 8226 27539 23955
1436 2670
1331 22313
1236 16578
1646 17117
1955 8134
1752 7035 2144 28841 20826 19460 14127 21509 21197 22017 19223 27507 29490 20254 21588 12653 4919 29509 14606 575 11181 6034 2617 24942 11865 5539 8884 15136 24253 20604 11658 6477 23999 2741 22867 11634 4838 8733 13252 10798 11401 4616
1293 3583
244 7855
714 4344 6534 27545 16720
1296 13690 10
1951 28128 23305 8075
947 5344 269 1230 28562
1000 20819 9831 2399 28441 25683 27102 15282 22127 13373 7417 20187 13328 4435 21849 7945 8990 20939 8136 4394 10627 9821 28390 16068 2376 26635 22718 4104 23262
1260 21297
1744 26600
585 23026 4764 28486 1701 22185 6325 16730 21366
1361 28986 5884 22742 8849
398 17035 5610 26423 20116 448
185 9533 16255 14544 15898
66 597 18695 27411 13155
1842 1408
1246 12431
1238 2402
74 26736
702 601
1499 2522 17195
1527 8491
975 26122
222 1003 14704
1520 3563
1882 25136
901 17827
1176 22836 27084
1914 17534
1398 9586
2101 8823 5773
501 20244
1721 14127 13436 27440 10654 1032 14944 18822 2231 10073 943 26284 4131 1543 14507 20056 20221 5257 4805 15044 21278 29216 4317 28375 19967 26915 1374 14547 9616 25046 17831 2332 19377 28102 25506 3934 24 10608 23061 4601 4108
907 29814
548 11815 4388 20273
864 15845
417 16400
692 26666
1814 2951
1418 1315 1247 6946
1395 4802 17248 9719 7526 24863 11754 810
462 21404 4245 14515 16317 18313 11204 13880 27380 13325 11255 10501 22244 14650
2052 27675 29614
2145 1760 3408 4291
519 1934 10583 5553 17834 15504
1594 20146 23801
146 10601
1182 3888
2044 8582
841 878
231 17685 29325 4963
521 19370 19125
1392 2757
220 22322 24015 29072 1458 12586 4332 4063 12466 20842 4263 17809 27708 16485 8048 15150 27721 3510
643 962
203 13189
1263 9684 18998 19600 20933 21590 18120 9477 25988 2770 12903 22080 14514 14556
1644 14734 11861
1382 11461 17850 28226 16640 23036 29096 18342 19616 3279 29848
12 10901 2825 27277 121 13255 10315 18317 336
2153 17583
1279 24983 1568
817 8241
558 29672 21445
565 6659 2858 4956
1532 2025
1298 11437 320 7418 17015 6694
1806 15762 7628
1130 15108
257 14820
1031 9805
1641 6474
583 9109
1163 22292
1671 6181 28506 1972 29231 2640 25972 24646 7425 25822 27859 22065 14893
1175 29732 7972 20183 26001 20697 24458 11993 18623 17598 12566 28202 19500 1320 24922 17283 13257 4145 20909 12437 5911 13510 18047 24833 28779 19259 10434 15695 10769 10550 9611 6669 25755 2781 12859 18460 27456 11935 4927 7442 20418 14441 19355 9958 20596 286 4864 1169 12211 9143 19927
14 27223 26001
872 14275 6567 15055 19736 22 20589 19370 21772 16243 29476 12090 14506
988 1975
1187 29038
342 26828
255 18510 18727 27477 20871 19225 4820 7532 18460 30112 19350 5224 15026 14547 10900 26461 19385 12478 6175 20697 20961 27765 7340 14546 20891 6649 27704 2420 109 3070 20055 92 17644 9253 29074 13516 1884 949 10338 1383 21505 18352 9053 24122 28102 6132 22860 8482 20899 1230 29976 16159 11679 1683 13096 14953 3142 27403 7768 26366 7013 28987 2886 10668 6719 29592 22734 11969 1950 13869
1089 5136
657 15968
2161 23534
1787 1743
617 12148 23801
239 29101 14559
646 13831
908 5466 13894 14723 7329 27315 12322 588 1659 4464 17623 2224 12084
1244 15185
155 7659
246 11284
1204 4221 21372
2152 26461
1414 20506
433 17255 3754 24497
1575 16029
690 19420 10703
625 7450
46 25881
891 8339
1461 16753 20498 10900 17261 25871 23999 10726 9116 9716 11673 16370 14877
503 11889
1079 27230
604 6641
60 6686
1049 115
1966 7137
1156 5244 27221 19294 6806
1258 6795 12436 12854 6089 8335 16465 28469 27361
2137 23020 23955 4853 28343 1931 23535 20822 13498 2029 20766 9584 21653 16491 23415 7255 18673
1849 14442 20376
1190 2228
1159 23019
1858 4133 26684 25010 11613 23078 62 12760 3200 15035 12356 17426 11858 13005 24597
99 21034 9088
1551 2654 4874
2114 24771 8932 25051
808 13786 20512
2104 127 28427 4615 7839 26161 6903
1131 16817 5962 7429
1791 9622 14222
1107 22292
1242 879
587 23243 11781 152 4830 5249 12237 11352 19229 1824 19499 29522 3353 17878 26373 21772 11841 7226 9607 14228 21456 29613 10781 13599 1395 25939 11932 12297 23755 27023 18905 13645 20935 16848 24136 14973 8394 13805 18717 22106 11594 7160 11291 22264 25848 20875 17821 19686 13977 16983 27762 5452 1894 20324 20809 18857 29414 6163 29964 27336 6217 12363 19653 10482 20574 28049 4079 2282 29283 14741 18675 5719 29552 13455 14413 26693 20346 28115 28896 20917 3310 26635 15604 14395 6011 10790 12737 11225 2536
636 359 24316 1567 23478 19133 20031 13435 9079 3901 19132 25956 27274
2054 9061 9740 9335
2053 6692
80 20496
963 9954
838 11870 8718 1521 19260 13412 12780 18969 4042 20457 687 5348 7998 21494 17904 5198
933 5269
1535 10494
562 19847
1270 19033 19714 5477 16809 7335 20949 2000 5369 21062 21307 27412 9583 853 2918 18389 24262 18842
1919 29685
1988 8495 16177 16879 22700 14665 1538 21937 20656 11853 2773 4039 11291 26547 19590 9779 5224 12568 25886 19218 6123 2496 6500 13222 27077 23063 25094 23845 17582 27561 18727 24204 23262 7865 9156 25111 15918 19174 25447 17753 5583 28744 7565 21291 26216 28960 2968 4769 12688 14183 28498 25441 25790 5855
959 14323
685 21443
1740 11853
102 22554
1681 14276
363 26558
1367 22977 10 18347 28523 4248 12605 22009 7681 12425 27510 3585 29587 16541 27106 11455 11162 10924 20807
780 4038
1174 15282 10673 811 24411 25012 13765 16614 21382 12756 9561 18481 25169 28909 17906 25345 20021 14685 6108 18762 25046 29654 4835 23030 23659 11640 5087 27012 21664 25829 23717 1874 17410 29764 10739 27482 9425 13242 8875 17471 30035 25495 5110 27103 22292 15319 6858 15553 17171 28175 24079 14042 8859 17390 26371 12467 7277 3989 16300 28920 25729 689 15954 6603 23698 24092 27144 27396 13441 18134 2341 19573 17526 18694 8777 5379 27589 11909 28620 9624 12423 3080 8358 3298 24189 17071 18893
973 26372
1778 2521
233 19586
22 7419
410 28708 5765 18509 1782 25915 26116 23244 1618 4936 14688 2656 21372 9469 23627 24091 11296 11799 5838 13788 29172 21720 13784 11989 25817 870
834 6782 12356 23567 25219 4651 24792 21066 22861 27174
1443 19442 22995 21285 14054 29903 18559 5269 25480 18558 7503 3606 25552 9090 29135 13807 2949 25966 29799 9515 4374 3527 7432 29265 21096 17399 27896 6622 28528 25311 2088 11290 5589 23525 28235 1994 27944 5537 11973 19330 2678 25743 14642 4301 17275 2673 5559 20631 1541
1855 18978
91 12983 26284 28733 3930 15987 6303 29186
340 15161
1222 24685
2029 29236
573 17171
1720 6976
989 2527
1014 29816
2091 5172 13899 30098 12743
1745 20826
204 2594
1227 1370 25976
1161 4962 343 21663
1902 4914
1553 17530
89 9462 28253 24988 3671 17169 9076
1465 16811 3167
87 4221
1396 14936 6014
870 28389 15468
1887 14717 15271 2758 3744
78 25122 9459 2382 23405 15394 11418 9196 5674 7586 17264 9157 9811 12356 2758
1507 5044
1542 4882
677 29001
992 17683
827 25099 1550 15805 3925
430 9545 26497
1151 14144
1772 25122 14718
932 17682 27049 9946 14950 12741 25191 11687 9128 24424 9726 15017 25827 27526 218 20435 13464 28934 11181 6572 10971 2824 24708 1533 14366
2081 26317 1255 24544 14917
1323 15443 14853
1877 10637 29316 28751 17288 10866 29223 4586 20320 27789 15888 2868 12975 13615 559 4406 2724 6513 18681 21546 13268 24400
1336 29285 27558 22292 12984 785 26994 3034 12167 14212 28492 1218 8859 22143 783 2243 12921 3353 24752 4156 10030 13645 8070 27687 16378 18905 27974 12363 12381 24783 27932 5410 4330 6347 2238 2289 17878 29101 24668 22888 12463 17207 28543 15448 19602 16956 6874 16267 11962 7310 9695 310 25750 20719 23579 20687 6099 22093 16487 8186 21876 28959 1383
1449 1387
2065 27310 27544 19976 16489
1111 23588
111 4710
1137 19405 25897
1703 3870
923 16698 4751 526
1587 24368
781 21736 1854 25245 5779
2089 13959
1523 14906 18811
1422 21211 3136
836 20782
605 26396 10620 18685 19613 9887 24821
412 399
599 3566
1537 1850 21499 21934
480 25794
1314 4731
175 17967 11245 18639 18818 1756 24503 10057
575 12657 27742 27702 18674 6781
624 11245 15826 28556 13120 12383 27036 10549 17149 11518 22090 15713 15049
1795 28950 13116 13186
453 23552
577 21415
1470 7994 7545
86 28908
253 8993
1278 29889 13674 7161 6040 13493
948 14734 15387 14735 14134 26441 24321 5031 24498
312 18787
1530 10721
196 24261
1206 6582
1582 23777 4159 14918 25897 8493 17946 1744 12561 14481 22351 18365 10230 5060 28156 4887 26269 4018 4143 6112
1952 24889
1421 7421
2 24152 7301 18448 25818
1679 7308 15895
6 29999 15282 16575 25375 3989 5603 5811 15141 20832
1289 6976 17526 11006 14197 25485 9329 13083 26526
508 4671 4056 6855 9514 19743
1735 17483 28349 20273
334 7688
623 12230 19405 21926 5313 20794 6808
1060 17720 13346 20255 27545 11106
236 162
1710 15670
198 19655 3898 17685 24348 18046 29113 25140 20943 14038
1424 26322
1273 19517 23656 26491 11743 6574 16129 21945 15759
1256 5263
1015 17965
1654 12767 17899
1829 15135
725 24312
2141 9878
964 5661
925 27278 3396
259 19068 22828
219 13765 22292 11322
21 1404
1214 87 5202
1837 21562 12697
1391 7043
2096 27718 1694 17259
1155 8482 17051 12039 25105 10048 20088 1419 16614 6958 6959 29626 5269 29799 3527 10183 6164 4682 20697 23157 806 23514 5590 18572 8498 10256 27524 2705 9712 29186 23161 23103 5332 25004 26927 3518 22743 26444 9584 18663 3277 4794 26614 1278 11400 24460 11620
1141 9842
666 22189
1599 21287 28325 28874 12912
1878 27782 8695 4338 11964
1894 27563
1226 16185
278 27216
1572 6088 29121
2050 2088 29990 28660 4737
721 8344
17 14503
1880 15257
1390 29611 9602 20088 11439 2130 15900 13988 25818 28889 1376 17154 21770 21722 29074
1104 2651 7962 23485 17130 11253 16009
1366 25558
1369 9741
1797 9550 29215 13219 10258 27114 17903 16298 27915
1918 279 24701 22922 3125 23350 14911 22170 26546 26680 7706 27715 2884 27718 1582 531 15399 3373 3331 13140 25111 1522 23063 19586 9176
1875 20360
1539 19330
1736 3951
2134 22419
1941 4105
810 6250
369 15666 4121 1155
851 17365 2054
487 21670 6159 23733
778 5661 11717 25824
1755 19359 3482 24817 10120 22824 18503 17377 25788 11728 20044 11669 22871 26797 1493 23569 14497 4295 28787 5550 19619 17826 24832 3610 24225 12396 4577 10766 27563 1162 20350 5849 22491
482 182 2113 6659
313 17341
1884 16437 2444
1011 24708
361 13352 25664
303 17008
1824 15384
597 23747
614 15767 1383 20001 22790 27408 29735 6132 21068
793 16655 24498 11991 20916 50
1136 22518
1541 20039
552 19757 2724 19791 15619
245 16873
254 2705 7450 23080
1937 20951 28253 15797
28 25630 20066 27768 26036 368 9093
1025 6779
1008 10130 12966
247 23174 15227 14399 27781 14227
1827 24924
1711 18310 14866 16600
746 7842
159 25105 20763 3136 10871 493 1406 2858 2824 22207 20487 6235 11181 12445 20908 14860 18216 11705 5103
1690 21349
853 16428 7381 13474 23380 28807 28396 15959 27167
1514 968 12541 1266 13655
936 17970
648 17237 23734 7462 25737 12414 10916 11988 28709 21057 25077 92 27889 13738 6253 22911 18369 20764 2653 12335 26482 18797 25053 23525 29346
460 9757 18599 21615 24597
2157 14721
338 12813
98 16192 11144
674 18604 10974 9830 16517 26412 27919 389 6479
579 27408 6132 22790 21068 29735
596 4511 1675 25506 1834 26247 10459 17754 24889 5319 7628 20278 24996 19595 19844 20789
2025 8094 13992 5573
701 23047
1796 4345
2067 27720 25533
1515 1009
1321 21667 29848
1528 661
1856 21175
874 5801
1320 11643 27408
651 2386
466 28626
917 12731 18361 15774 19679 20826 8303
449 28349
1903 22725
1358 22928
1967 9611 15044
726 27520 2517 3524 21
2170 8566 8879 5191
287 20697
421 2325 10015 24448 12342 26582 16240 8706 26444 27539
788 14294
940 8224 2858 1406 1670 10522 11181
48 26497
1861 16953 7268 25031 25581 11400
158 6672 25004 27536 18358 28099 16849 18464 9056 10183 23275 1874 2130 3342 20146 2675 6829 1907 13523 16924 25508 22432 10425 24853 16537 10461 3584 20775 11047 2735 25791 18463 12079 7574 16133 17111 26571 16995 16159 6261 13516 15670 1446 22647 3898 15230 29833 28411 12756 2378 17898 6902 22976 4492 13592 274 27937 24866 5486 1538 4526 12545 2777 29468 18836 3980 2112 4124 1541 22095 5136 18426
423 6023 24015
394 7179 14571 421 20238 1980 3766 9845 15584 28716 10998
47 5332 13719
1144 10145
1479 27036
92 10837
2010 10822 11609
1229 8126 16478 15440
416 20894 20705
696 6603
130 12122 11663
1185 4755
389 6666 4051
708 7707 18538 17682
1623 29115
377 23476 8351
822 18877 19265 20360 7988 24999 7508 5750 9842 20054 18732 24740 28797 12546 13396 8160 19882 26673 12610 16519 28246 8730 409 1198 26572 11713
1923 21772 9745
354 19265
1768 19279
2036 4012
795 20893
1615 20482 11253 6612 4952 4503 26241 16864 21738 9258 21313 29221 28394 1066 25890 27010 13682
1974 7586 26703
1873 26811 10257 7119 8240 17129
2006 19127 12889
2082 10999 28520 29189 28832 18476
444 29087 1406 23904 17394 28653 28367 25211
296 8585 13251 4587 16499 13481 25379 17333
1808 12197 15933 8372 29138
1743 3803 5603 27391
1006 14847 6736 10681
805 16381 24780
248 23723 27930
2066 7411
1046 14184 19453
735 20860 10917
2046 10549
1207 15998 600 17356 8286 21499 22975 19589 20916 13754 29917 21882 29198 24883 14323 11436 8968 6643 6518 14167 4248 21532 14952 25558 7956 7450 21615 13113 4103 14521 11431 5630 14163 26586 20943 9604 20875 16614 9799
2102 10971
1713 3279
910 3277
998 29860 28151 15055
379 5428 25557 28561 21384 10977 17142 23789 4827
930 6572 9437
1522 21772
1980 24580 23475 19586 23874 14547 25818 11585 18461 21540 15185 15670 9766 10684 28147 12546 21221 21546 13193 22285 10338 19968 5486 26656 26762 26670 7588 20456 6222 17567 13190 12677 21220 10549 20519 15689 13102 2898 17129 11258 20427 20695 17809 22380 5054 18120 26900 64
887 6137 27514 15666 24965 16169
1777 4642
2143 20495 20585 21517
972 24155
1215 4760 5747
1033 14642 15257
560 7762 23359 27773 17505
1315 10560 8319 25818 8875 5982 11634 13516 23063 8864 9787 10373 25080 11483 24290 24871 21379 1670 19586 851 19327 16949 6902 23861 20298
488 23307
814 6158
383 25897
1348 18016 21445 29672
1543 25692 13043
2098 461
559 27096
2171 8160
293 27466
1101 21670 19574 2858 6159 5014 10609 11865 24167 13544 28943 6162 20600 19309 5833 15001 11032 13645
2107 13840
993 12907 27624 22019
626 27549
1355 20826 16644 16998 28723
1301 12767
1403 16770
1773 12502
2138 11430
95 6175 23228 23900
1199 14099
1012 28731
1712 21059 2858 15001 4705 9946 26661
819 19595 28713 2494 24507 14918 27780 2227
2115 15454 16812 8368
1911 14437
688 11922 2119
773 8282 10755 8691 10150 25600 5476 4441
665 9579
392 14784
1508 18358 22797
364 28437
1558 12781
2000 17526
2126 15286 8753 9338 18204 25853
1090 1538
2099 9589 14487 14963 27210 6480
921 4302
314 12882
904 1142
1697 9414
251 17551 19673 9690
1055 18736
301 15001 3892 18115 1929
1262 5136
676 8344 21517 20165 4322 19788 3769
128 12783 25886 21579 10141 26572 1111 25299 586 26129 8753 15286 1657 701 5054 10354 18590 18552 9760 20875 19895 27037 28168 18655 24352 17575 21980 9080 20390 4682 1538 21674 28934 28626 7354 20555 4760 10217 1724 28277 9617 75 10915 10608 28510 20240 949
2086 19878 27703 28655 19957
1956 5269
1224 26930 27296 21641 9523
1100 15827
8 15959
1439 399
1230 10738 4285
1075 6292 7184 23803 6253 25818 3671 29002 3463 1675 25423 12520 26866 23667 28517
1753 15553 428 15793 11755 11217 14621 12317
896 23285
1462 24117
1892 17636 13614 13756 957 25004 19154 8729 12304 5537 3387 1568 11473 23219 24541 17793 9344 27947 14577 24080 23063 21983 3436 14585 15475 28099 11245 4686 23275 10586 29101 10983 21389 12208 10719 2030 3575 17556 25585 24498 18102
457 19466 22521 23930
752 26858
1693 23211
2093 553
240 14659 21831
277 2952
1043 17051
1715 16219 6811 15150 12057 21152 4614 9299 29931 16016 25492 18691 6764 12712 12633 10960 25585 27466 26910 11227 4828 10654 26485 23628 12727 25562 20825 21770 5508 28510 24797 17060 18588 9327 18102 22860 569 3321 28987 25366
1091 12218 12819 985 11400 23431 2609 17981 19884 28626 81 27334 7588 9716 20497 10285 1176 17918 2726 25818 2398 21034 2485 29480 14585 122 17237 28705 5133 10555 18947 13489 3425 14218 5310 11286 17639 15468 10254 23808 22095 29572 18642 22867 6480 17685 5342 9477 2098 27391 7162 24595 13257 26504
339 14729 14785 2753 23709 6709 20851 28789 9882 12286 25657 22880
709 10971 18508
620 10650 27712 26091 19238 17787 737
2055 10617
1618 21776
182 11183
1364 19329
298 701 2509
2133 22818
1481 26652
1241 18669
727 3562
1636 17423
1716 21612 12633
703 21664
1183 29410
903 24861 22629
1764 13444 28728
532 7958
653 10541 8318 19370
1290 26553 6122
1048 21813
1164 25897 12954 26218 14740
1440 205 22653 4201 25635
1689 20951 27948 11107
1453 10449
1021 29301
380 24268
902 3330 14016
1590 16357 6159 11181
264 21474 19878 18435 19300 12633 15143 12719 24346 20730 26075 27603 16642 8140 22681 22494 20880 22685 15394 5433 17260 13731 1851 27407 13058 6850 25636 15990 4821 19083 637 5488 16048 9842 24492 721 29694 19465 27310 3980 19427 12892 2654 6861 16403 19501 24236 472 5499 23514 21342 20715 19147 17224 27829 27726 20183 20390 28816 19658 4451 1332 11403 3375 4376 8806 29826 5836 5571 18741 8791 10654 10614 27775 353 22999 22465 24001 7341 14747 25725 28177 27065 20150 3409 18243 12254 13195 9760 4052 5496 27333 19953 15224 14076 968 4557 18154 1455 26262 20565 4737 10352 1065 6527 22049 28626 27709 15536 8505 9070 19956 7916 13979 9721 1190 8938 27591 27532 6590 28924 5042 11791 1242 12435 8547 4871 27139 19613 9302 29706 1169 1711 20959 23618 5065 16165 24117 25883 17471 29187 18288 30086 8427 17096 7588 26366 957 16983 24232 4050 996 5296 9805 1545 25521 16106 2278 25351 3434 11422 26987 1856 18578 569 11689 7450 1436 6662 25180 9706 13202 4682 25111 27147 10809 5382 18769 7844 4288 15698 27077 4952 11047 22061 27581 12183 27704 17876 769 8130 1927 24068 681 502 18720 26 25148 29944 17569 14334 12340 12205 17599 18255 12699 12207 3011 1383 27766 1931 9963 10396 18669 22835 17557 24690 12024 9474 16645 14514 13233 25082 25988 21696 10350 19892 30085 25392 15465 18077 12753 19312 22534 15827 27446 19999 11247 26316 20497 27796 4425 6567 22905 26899 28518 21268 335 10577 678 10484 21865 25393 14679 6409 26968 15771 9999 15878 8413 19149 23285 27672 17364 11621 8684 24090 15172 19841 7825 24790 27623 16216 6927 18124 27008 15553 29948 25571 6984 15678 11720 6009 29528 18320 23549 1677 16 24477 26697 19341 13293 28181 6434 10455 22912 7992 10045 22662 2787 4997 6109 10123 28378 8701 23004 7051 5630 6193 25671 13902 7659 12865 25897 16189 26851 10627 1934 12453 30005 20649 2401 29404 3407 993 28216 18434 14399 29801 11330 19283 14042 25051 5337 8932 6298 2130 18781 12332 20423 28756 4543 9176 6929 30017 16598 20488 17258 14764 25016 25085 8879 22100 1319 22292 14105 3706 27012 20750 16783 20381 29327 24020 17012 11579 23512 2566 23063 15953 28658 3857 5176 2690 19554 24769 28635 7277 11036 1831 9119 9327 9231 5362 17384 13937 7077 29233 16133 27897 15857 8725 11118 11308 8200 5568 27595 8542 19072 29673 1013 3222 19479 24460 16177 12374 4569 1406 28111 25658 4827 2147 13783 27365 20860 18714 6746 11628 15250 2162 6918 17506 5923 26972 28421 10154 12989 6494 19487 11291 19306 927 2254 27308 11394 9344 21357 25850 12040 18129 30069 3784 21023 10149 22164 1628 12832 26586 1936 28817 13944 30026 7102 5067 6432 18941 17077 10394 9753 27722 18338 11014 2625 11688 18170 20168 24965 5844 14990 18219 27084 11419 23208 29692 29364 5911 25423 2155 23641 11006 6398 11530 29777 14971 9006 3795 16791 25694 616 358 20482 1315 15924 6256 11611 29848 12063 23344 5274 8320 3705 11245 15382 14093 2827 18141 12194 1834 13765 15793 22716 11134 19001 20917 27058 4674 18282 13741 12317 2704 695 6864 14294 17019 14322 5396 8721 14499 13766 12445 10048 15173 28731 7421 17833 2811 27781 11940 6621 29931 16919 12151 17470 25961 11112 25172 28122 27638 21501 24698 21532 5136 21853 26958 4982 22993 20031 27831 14660 26192 1451 7731 468 2232 22219 25622 25276 23920 24850 5172 1126 27929 12070 25230 5935 9334 26113 17109 13977 8232 5410 22696 3556 10886 13855 22555 1871 19615 11922 9068 26132 13101 18715 22022 13193 25141 9606 30060 9746 13155 22189 25856 22524 26876 20961 25278 22004 17081 8069 17054 13779 166 7908 9581 15754 15141 18294 28016 9445 18645 17263 8184 30083 22068
1178 29441 12123
1312 2378
502 28630 10663 20826 17779 14918
1867 27615 17937 8053 1662 332 29672 18073 24577 12382 27976 11288 23036 28862 4583 2229
1412 26504
96 1597 15413
1039 15477
2030 1901 20764
1928 17141
1292 17394 23890 660 24620 11393 1240 2446 5147
1505 25292
1958 25897 8493
1846 18761 20612 27230 19615 2019
924 25897
1386 10369
1243 1717 24163 27592
370 2328
1677 29273
117 12998 1054 24794 24460 20479 10869 25197 22734 5775 205 13242 26586 25646 12921 27816 19985 25487 28626 6937 23796 13001 8707 11673 2150 7079 9053 10179 21597 18718 17113 2284 18232 9569 16229 27679 7402 3082 29511 29260 28313 4314 24510 21389 12080
1836 18676 5719
1054 6839 23887 26783 18310 11969 3703 19321 9477 19315 8043 4382 7984
744 20250
1351 23527 10310
632 17368 20240 29461 10134 13958
346 8437 4780 11087 27561 24861 7937 3166 13843 11787 5526 27763 15843 11839 10525 8536
51 20944
1784 9731 19586
740 25867
1790 5243 23981 28036 10245
507 14711
2004 8831
613 27217 23844
2122 23449 25353 10872 3114 16650 3952 23838
1781 730
2011 2156
1411 5105
663 29810 14339 12056
1669 26366
30 3692 9586 13543 22650 12600 29994 13307 24823 4133 15519 15495 29492 13024 15976 2129
1895 26515
36 18632 3474 26681 10162 608 14963 20076
1834 18636
1333 9294 12227
1357 18879 24337 17096 10310 21849 4233 5121 1248 6742 19504 2280 6925 14577 12024 9713 13254 15468 25646 12295 25647 8804 13058 8164 25147 24610 26944 7853 21398 28986 19972 12924 25452 14596 25855 24498 25560 3555 13592 8937 26166 922 4593 16495 4320 6774 9338 12079 2018 10886 1383 7865 19323 21308 98 5269 29082 25423 10346 23160 27603 1251 23842 17068 29210 11164 18916 10369 20354 24762 16867 17801 5752 20012 18358 16692 4175 5716 18457 24752 11423 17913 9476 26388 15245 20060 18256 17269 23384 22292 12808 1928 25339 10323 15282 24790 9722 28714 5279 10469 12833 29831 22377 28865 21630 23635 26584 14008 19452 16338 11909 9166 4982 2362 8866 6590 19706 26023 17371 8550 15838 927 21101 17580 12028 9208 16417 5827 27321 9695 11718 27423 26172 23638 4230 13396 14257 14989 22463 4983 28601 11388 24400 750 2931 46 13296 7342 4342 16080 21770 12764 1446 17364 11248 15279 17553 22208 4102 10267 11837 23179 24352 6291 27141 23957 16162 28810 18082 4366 9390 29564 13849 580 2563 5429 8542 22433 17196 18746 153 9821 21291 12786 1222 22480 22025 10125 25170 29509 9316 22108 1657 27616 13958 9407 1174 5386 25774 4131 26452 16780 8859 4221 23338 10919 15909 11447 8633 19606 1394 7230 6764 10570 10408 17988 20004 7854 16727 10693 16036 10991 15645 19860 10254 15611 24667 10627 14233 6463 28470 16074 858 13178 6116 11245 4388 23800 24012 27822 11355 18406 4079 6606 11872 993 26973 25163 11940 2471 13212 10092 20527 7216 24921 13189 27435 2559 12209 26912 9912 12578 17019 15465 319 14533 29848 16618 27202 26851 14866 29346 11270 4112 18724 24545 28356 21974 8136 19762 10145 24439 4126 25886 20103 7062 5428 13597 22609 21825 12440 14899 24096 6822 2147 10517 24733 1922 25111 25327 5037 9446 7162 25868 29711 4200 13113 18134 22221 20940 23174 23290 12801 8252 13436 28321 9235 22993 3432 12880 20328 9041 26226 16161 22721 12695 29592 1332 5319 24477 26667 10474 24680 21633 446 18390 16739 20488 10971 7696 8376 19319 2267 14369 10139 21908 15827 17017 16849 587 4030 3744 15633 7125 17360 6338 13830 19465 25856 22780 20036 20825 12706 27505 22630 6871 5181 29376 6199 20286 26675 7067 16261 26253
776 21396
411 1250 4949 24741 15067
878 5872 11151
1733 11224
980 9566 11532 1217
678 1705 7116
939 27466 5054 9943
1057 1018 23939
1625 19271
659 3808
550 16842
1257 2690
1640 16197
280 10002
156 24217
1249 7240 20218 14628 18638 13396 27271 14674
547 9600 918 15219
1526 4248
1945 4516 2430 30034 7090 314 8276
680 20499
750 24855 15102
1683 29299 175
957 22203 12347
1859 24554 25709
949 10748
38 2882 17368 25066
1271 20473 1423
118 22015 4306 20777
441 25884 23244
2106 498 20954 24690
1368 28398 7841
40 7235 1538 14747 17911 4220 6876 26166 26676 23157 19426 10642 14048 24690
1458 29017 25331
1992 13195 21664 27921 5461 520 26858 25066 20092 9801 28578 12284 25319 20039 16242 5833 19214
506 24092 25895
1135 6178
1434 21323
227 13657
588 27372
1571 10377 19183 15001 9950
1354 17502 21369 6748 24617 20959
1413 851 20268 6516
965 22864
1658 16197
2001 6223 3868
1634 9437
2155 29716 29929 8885 3148 26559 27955 12345 7335 9150
1040 8029
1058 23333 11162 2344 2668 7748 26684 747 8602 25336 23394
861 3800 24500 10437 19052 21490 20569 16344 10174 23917 5156 28775
1608 2563 7421 19343 28264 3928 24548 9644 1315 13690 9231 8885 29736 12105 25626 10834 27373 3473 11052 13385 6223 21335 6918 24107 19538 24400 13787 14390 1628 2858 20860 6398 2580 7786 3046 25775 10296 26084 27548 9589 3142 16753 13848 9805 17106 14105 3436 11149 2112 14507 19370 24439 21670 1538 28566 23624 27503 22734 24484 16520 21450 24667 14487 3995 23714 8337 7049 9061 14861 28685 10077 21949 4631 27064 16325 7062 14679 5806 3453 2352 11618 26134 19504 25737 18312 29383 19302 29161 24797 7588 28430 13436 19333 21606 10139 7852 22497 8035 5966 29678 23063 18352 26716 1156 25692 11823 25152 21659 6226 22173 11253 1749 24610 21700 5333 15944 28257 16886 14436 2990 27430 25343 22623 24889 7432 9207 2065 27310 7147 18685 19870 23636 19558 12546 22429 22359 23533 23938 22049 9404 17368 14323 5991 5415 2398 25199 17835 18743 20978 24162 24460 16370 11282 18646 4612 6169 17620 24804 11400 11539 25571 27968 19797 16086 25668 20345 4913 2740 19002 18796 25117 9594 14134 663 16516 15656 2704 15774 25439 16435 21351 218 5501 1428 13242 22796 28416 21553 25004 28417 16690 3481 21636 28254 17116 293 20298 20035 26600 13807 4737 24996 20278 9986 15784 23820 8333 3866 23091 11797 28213 11436 15600 23452 8725 10347 10678 195 12571 23285 11906
1602 27759 18436 10701 12105 24525
1947 4686
438 3427
387 8885
1034 9468 5947 100
2094 21993 25897
418 2720 23994 7990 25408 15553 19863 12852 21313
844 24070
1695 17496 26900
1195 15636
517 1387
122 1317 24819
1938 17692
1563 293 20035
1498 21683 9333 23651 22838
1402 531
1415 4734
1901 11455 4132
295 14212 22340 2396 8318 14031 25206 11566 28441 5224 19642 7877 7874 17008
1975 23734 7002 13296
218 8713
1629 6013 14684 10497
1350 18855 7313 5415
1324 13966
1886 26502 3279 24075 10275 20923 15967 15900 21700 316 21615 26254 20646 20321 27008 23914 2280 26366 8078 22331 14677 949 25148 4864 27959 7588 18169 4918 21752 24649 5269 26919 14906 22173 18516 9922 27628 24856 15022 1535 2767 8623 28450 14642 19426 6170 517 20651 8376 13140 3425 9359 26725 6686 20746 23881 7009 22036 11889 24290 15205 12056 22252 7047 1814 4184 10630 3913 218 9451 4345 22734 19487 1114 27223 3363 29831 6188 28756 21584 2293 6487 15600 1944 1727 3811 13873 20025 6734 5431 18 16432 11744 28532 26162 4544 22955 7692 15836 18604 7153 11041 3966 10227 28077 11300 23360 7970 12028 17854 19344 12088 15066 4076 5754 15219 17940
2135 5387 23604
1757 10296 26111 19603 13396 16592 9121 11166 1280 4612 26366 16636 9589 13839 2398 23800 19950 1303 24350 8164 11291 3448 21232 1504 21499 15522 22459 14416 7129 3276 5952 16034 9267 10300 14960 11738 27474 4149 15056 29517 8618 1190 21615 24694 15927 22095 12984 27139 1771 26770 21100 10556 6554 23008 4253 18876 26451
2097 17123 18960 29178 7503 21827 14683
1399 27278 6850 5158 4651 24751
1627 27474
1394 7450 16622 12487 29498 18862 15154 10217 1968 4122 17469 20390 1070 3409 10128 5266 8930 23810 17821 20875 20433 20092 29000 13703 18184 3463 3459 14633 1176 5462 5269 28665 3106 5199 26297 1856 24907 22860 15939 29404 24733 5496 9760 19285 24500 10437 5156 23917 10174 1953 11588 19215 4029 19820 6021 8057 21108 25826
1595 28946
311 20035
886 7049 8337 6727
1645 25897 18365
49 4482 6215 14726 2272 5167
1219 12943
2131 28671 26230
1964 20431
1682 15433 28255 30012 24692 6599 3286 9822 18336 12955 8489 12483 21629 8832 3839 2043 25528 28897
1213 6126
1900 27781 3404
1373 13555
252 12326 25897 8493 22950 8783 15512 29479 2186 5060 27618 7788 15642 19978 12272 19182 21999 27547 363 21953 20422 27396
1310 7789
2119 20333 11741 24973 13015
1476 10790
1119 19339
1302 8734
1145 25690
563 11325
2024 17567 13431 27219 10411
214 25296
783 2177 3892
297 6223
1896 26676
966 11436
2073 26507 17974 14501 1568
1655 24858
345 19241
1804 25146
1486 13275
1010 12426 12525
27 9589 13690 12024 23587 15976
1437 29446
1840 28635
2045 1492
131 17136 13270 22962 19199 13973 25860 5993 1094 1501 23528 15924
732 18879 15052 25939 20793
325 4547 14913
59 25897 5060 12230 28347
288 4827
1802 15351
1379 10497 14684
1016 6612 18184
223 29875 25384 9913 162 12183 16973 13237 1317 13944 15177 1603 21300 1911 26152 13565 4201 19534 23663 15776 13004 17235 780 6444 6424 21997 7177 14358 19170 204 26163 12070 18589 14695 4136 2284 22421 6230 14821 4790 25897 14800 15156 10577
420 26944
1019 26553
402 18642 8020
695 9541 4676
1339 4442
556 11876 5624
1596 18708
1767 8239 5037 1849
1785 9967 13093 25775
2121 7683
1365 18449 26536 20181
166 1697
720 14070
1378 15309 8156
621 18696
1612 18474 11270
1560 8333
310 13005
1723 1658
1659 15157
691 3269
1760 29669
1839 7610
34 11015
2043 4981
1910 28314
3 7929 28440 27912
1503 15697 8738 731 20966
880 3873
612 26469
1546 13934
2085 3463 24632 6900 5963 9050 614 5783 8926 19441 9446 3239 6174 20436 11522 15379 4268 21659 25312 9079 27769 11667 22734 2891 28590 29562 4760 2551 23285 7586 27092 13523 23979 1169 27704 25886 6403 21283 27985 24456 13873 17237 26950 11469 3136 28237 276 23034 10207 29187 11648 9785 11582 5942 23063 4221 4193 7663 9806 17336 2243 18554 8581 28833 24680 19133 23478 5269 13854 29006 5405 8837 12904 11571 22911 5911 20933 9310 12374 5239 23459 24762 282
271 27872 28942
439 23029
1614 28494 10151
0 4964 1280 6818 2861 25939 13765 22966 19445 15273 24067 8642 23991 1976 977 180 25646 27505
1906 11269
1028 8293
1454 6662
76 21509
1635 26901
802 25855 25737
1188 24543 19851
232 27527
1081 8638 5422
892 22371 27674
2018 5733 7703 5793
1063 24100
1860 24117 7949
796 20909
775 6900 28579
1650 4344
1525 16086
107 20390
192 21700
388 20992
1086 17526
551 26900
481 24740 9166
1092 19248 12024 26469 14323 11396 23577 8874 1988 29481 23310 10808 9690 15724 7478 9842 10983 8637 21110 2307 24329 9390 8883 7450 14183 13563 11193 13579 24045 24216 21108 16161 23674 3555 13961 11330 15005 21417 7621 26366 22741 4890 14174 4447 9731 13937 17384 3474 9732 29446 18275 4345 10300 13523 28511 8482 9544 12095 10724 16999 28510 18090 26344 1179 8774 16177 28577 1196 12620 21584 14278 20551 7049 15121 3735 1655 23268 16523 9740 19257 473 10254 5001 14181 601 2153 10469 1510 2402 7615 19791 29428 23579 7751 29395 8542 25261 23285 5425 5349 1858 9566 26023 22556 18714 7433 20139
1217 11950
1068 22494
362 20146
713 30092 11220 12066
2007 22623
485 13908
1419 1387 3527
1420 15282
1148 430 1275 30030 5850 19205
1832 28306
1201 22886 22597 7628 16004 3721
856 3489 2891 23959
55 19255
589 1374
1139 13543 3615 3200
634 20587
1709 25257
1524 8192
603 20311
829 12010 15770 18474 21266 26898 4482 17891 896 19621 18966 22842 28674 3810
2156 5818
284 24840
25 19985
1026 29430
869 10608 2278 8146 8402
531 26130
427 29402
1750 29260 7595
1317 9437 22849
970 1562
1122 17309
23 6662
134 14494 6650 7629
328 7241 13464 25347
1118 26366
307 19615
2069 8516
1170 23424
2166 29050 18787 29927 4499 25886 18152 25674 13441 29179 23165 10539 18598 6495 25000 21882 258 6671 8745 15896 21029 16418 17068 2907 12961 2322 15428
435 12445 11401 9632 14616
649 2974 15553 20181 26006 25527 11162 20173
1233 27049 21097 21411 28708 5242 14783 29543 14970 5838 9304 10669 22657 22656 8588 23928 8499 1891 13231 15147 18600 2121 2390 21637 13556 24568 4408 4776 3554 11877 12801
15 12336
440 24162
1908 24142
1610 119
1237 22094
323 29187
767 8848
1961 14898
308 25868
1264 12470
119 3721
1070 16445 5954
1885 25737
150 307
474 21663
718 5746
897 24840 19940 21901 24717 17550 9321 22734 17817 28099 17401 29995 6782 5360 24830 6237 822 24414 8501 22716 16086 17271 1383 5911 23128 16976 5969 1538 14558 25891
1872 6166
375 6467
429 18113
1029 22860 429
199 25494
1428 17890 8178 9745
1620 16919 9532
1605 16636
2070 13576
1970 2547 7768
1622 19784
147 872
2076 15466 12884 22669
77 24830 5360 2503 1335
2172 7642
1637 26847 26092
333 673 23489 21936
357 3173
754 25287 26279
1917 17237
543 13724
557 29174 692
529 21660
1647 27959 27116 9635 24093 2293 20025 24695 18255 1538 17395 8707 24006 8908 21584 11072 7034 624 10784 20034 3087 3624 14429 5379 2286 13492 3325 13237 28243 21132 25625 11776 27253 20663 25791 29801 10338 4252 179 26950 20488 19953 16117 6338 9873 15371 28928 25886 20278 482 24552 2808 5501 17364 24345 19523 21382 1403 7825 5879 4026 27981 7421 24685 23092 28626 7801 14042 24661 6159 26851 20949 10245 607 23438 23556 5479 25571 927 5630 4823 3530 12568 2552 25082 5210 7523 25897 17096 21122 14654 7427 16575 15793 17259 24460 23259 2741
1127 16976 22329 23128
1783 15553
67 1606
1603 7123 4100
866 21319
2034 455 21266
2142 14631 8529 408 3885 28534 16407 26335 1606 27354 6599 21850 17033 28188 5061 13058 5087 23717 404 20929 984 18226 4737 24717 425 1221 132 4784 1951 9508 554 147 16537 10026 25868 18084 21175 29187 28311 15846
1990 15259 2243 19791 27049 13058 25886 11683 3652 5410 29250 6230
1235 29479
1196 13765 24881 23547 17171 29431 22623 5911 9499 28935 25447 6398 7031 6230
1051 7949
745 15172 3025
1253 22775
1766 4087
549 25330 28225
1210 498 22214 18029
476 13736 17158
1113 2709 7939 333 527 21513
1389 26111 26773 28386 1383 2304 2832 22272 5644 4871 20235 8562 14378 5055 7852 23644 1702 24717 28796 15516 1151 25996 22814
520 13481 14012 17101 7630 14469 5546 9741 2068 4671 9390 430 8195 12849 12361 8701 21460 26111 8286 22398 23655 24487 1856 23808 9818 4611 28712 12740 26366 8011 24553 26166 26146 22554 5267 18685 23987 12079 14309 25104 20832 4892 3286 24070 25527 8587 17025 7450 24690 11277 10300 29984 4559 29088 18775 15618 27475 19478 14262 10027 29601 28416 945 6035 9191 9862 11149 19370 4193 27960 29002 2262 4209 1332 30026 15243 19452 28548 3961 5879 4207 15257 30079 11680 22146 9807 1119 3094 10641 25801 12332 7841 19809 1689 18320 22386 12921 11431 18691 20969 11534 14531 20285 7421 24205 28826 26118 7709 16995 4115 2157 22558 28237 10536 13754 28577 12951 24478 4737 26374 24762 926 6222 20349 20952 3297 23515 14842 9930 23452 9176 353 29762 9224 14503 8111 22410 11334 5630 9453 11036 27954 385 18443 26867 19971 5764 15949
52 22525 16382
1473 20060 25991 19586 2974 2949 5028 7248 5835
319 24432 4733 18841
101 7049 18337
241 5546
1666 8176 13870 14810 13832 11155 5865 5920 10420
772 29595 17811 26006 3724
1294 14794
697 6094 29316
931 5754
258 20170 20104 3101 5304 25584
1345 8119 3846 18841
2162 23483 14832
1924 14712 20890 1619 22159 8163 15984 15577
642 26377 1367 18814 9048 18017
523 15679 27162
1173 8189 1350
1852 13731 13979 23527
929 27538 14952
2068 79 5060
1987 2243 3353 4742
446 9112 12397 10556 20641 15564 10347 9118 28890 27501 27759 12296 17557 16973 4982 13579 26723 21618 20250 25005 24230 22089 3120 21730
1969 7624 21586 2319
1132 11920
1632 21498 17181 12015 19178 15828 8946 16658 9680 5713 2152 26414 9774 6164 5932 19794
1076 27825
941 3136 6159 6505 17464 10430 2858 23125
1561 25885 6879 6681 998
1446 10494
566 15139
968 25897
839 25996
1820 24792 8440 5409 21063 24413 27272 21714 8813 23842 1718 22157
2169 23808 23452 540 17111 20298
1883 20555
179 17663 9174 4858 7804 19837 7912 13636 23629 22311
270 13867
1297 19
2173 27632 26347
358 5167
378 25897
1817 23959
1429 29346 29443 1216
1738 20793 30088 26498 23806 20855 12090 12953 7792 5469 13683 18531 3118 19172 28875 16831 8376 21894 3425 2180 23712 6315 2605 24762 3080 25143 1080 13908 10284 11665 4666 10617 27623 28665 24213 22605 13541 11738 18823 124 24582 14752 23687 10699 12379 21207 3900 11317 26031 9930 4774 20217 8194 27289 9384 1756 9008 2589 16924 13153 12865 8797 7163 29050 26203 27176 11933 27303 18358 18004 6000 25956 27328 11184 29864 14681 11251 17709 9920 18651 26166 23802 28953 2747 3463 7783 9589 17678 19452 23832 13638 17188 21528 4864 2401 23285 18274 5557 19361 12749 3289 20253 27761 20794 12513 24874 15507 21989 17649 19586 11241 13689 11876 27771 29649 29130
1725 12342
686 29454
221 29658 16950
1665 14142 2545 29044 25543
835 28338
1337 6595 17597 14323 26858 25066 8917 5747 10027 23327 4309 7928 20107 1641 1508 13090 21499 11420 12584 14130 649 25392 25348 2851 24158 24690 71 22895 22734 5557 3907 17374 1436 14153 17974 27226 17473 11442 7357 21151 20869 5879
1448 20087 7987 6542 11452 14157 8770 6014 29691
9 12079 29631
1598 14201 16495 24660
397 28809 17835 10204 6856
2095 11495 25628
1564 12608
1868 22074
1231 19312
2146 10641 3819 99 25883
1138 20393 2378 7038
496 4689
739 4796
2002 27147
1027 8493 20706 12959 27458 22728
124 8440 22553 21066
306 8777 20794
115 6223 21247
894 15793
157 8515
1521 24409 14859
165 8431 28958 7227 26890 11051 17811
1495 24930 11716 14354 13451
738 3819 29601 29523 14117
1074 16731
1221 8831
1266 13409 16727
302 943
1949 29043 6324
1352 15046
229 15905
611 2674 3857 14943
406 14613
279 8086
731 22146
1250 13374
2109 17457
1307 25261
951 25897
2136 22796
1069 27766
990 8628 29642
1930 22577 25158 3408 14704 4102 6922 18246 5613 28705 21640 18870 7117 29157 287 18011 17371 25078 4537 853 25508 26084 22398 26018 19353 2380 8777 22860 1383 1160 29844
37 10948 15677 18212 29493 25673 5474
1287 25897 5060 17812 13901 25720 24899 13391 1744 23315 22728 12614 416 26304 28984 18458 20331 17342 3270 3250 18614 10815 9402 20480 10353
1904 16180 22424 19886
100 8428 3374 29276
1684 2566
20 15954 15282 19573 13765 27103 15319 12486
1905 9136 28693 6278 15933
1038 24113 883
671 17117
432 17963 7945
341 3118
1998 3721
1927 3253 23377 13758
967 3624 2355 8626 11502
1776 7462 23214 22845 15536 7674
1754 933
1819 5727
2088 1521 13412 19260 8200 10508 6940
1699 14679 11059
1657 10809
652 6301 2195 11680
855 8376
142 20159
1041 10587
50 30026
1639 358
1284 20122
1847 22189
962 25897 23319 14692 22728 22026
1117 28805 12859 13441 10673 2041 22246 2975 12786 24917 13523 14201 16798 26099 15989 1775 10375 23698 24660 20808 7768 30071 25360 13732 13057 4644 6086
522 12070
161 27206
2031 2632 16792 26976 24861 20017 10942 15068 884 19721 26200 27459 19528
1742 4887
946 24863
555 5436 19622
890 24076 8380 25736 24149
1393 8142
1143 17388 658 26345 14065 20870 14353 2780 23197 11409 3841 11075
463 10357 16682 416
570 24756
1316 1928
1912 18463 8337
1588 22930
1371 15538
749 16009
1642 25004 6660 9492 10633 11900
828 14114
2005 24762
1387 10469
464 12770 23683
533 20202
1329 22709
654 19649 23805 21
2125 7945 20194 17368 3824 24319 335 28550 17404 27825 17963
282 26111
171 27012
395 3907
129 25319
510 23679
809 5060 22026 9979 15298 25897 12959
1996 26284
1347 11271
2160 22734 247
1826 467 25079
176 11041
1626 9035 21613 27205 18917 677
56 9947 24142
1633 16193
641 11529
381 12743
524 22105 16283
574 29717 12220 28563
1780 22362
1457 25919
355 20051 18305
1648 8833
792 15815 3367 9139 29066
110 16279 24762 25561 1015
1573 3240
1356 21882 19396
1088 13920 1361
2129 26214 9589 6969 9390 5379 7080 1383 25069 1994 1303 4363 6066 24456 5743 573 1158 18535 12838 22248 25988 21795 24337 7674 10468 11263 995 7719 25939 3624 8618 1965 59 9176 4792 16597 26115 6459 13452 4682 29601 13166 3363 19270 27232 29735 20240 26516
743 14982
871 25490
1578 24762
1997 11808 13344
996 10453 14327 27686
1557 11041
580 11754
635 4373 16803
400 17506 12229
1001 416
1798 24762
1898 5362
1330 12452 24660
981 25897 20480 6204 18723
2084 4945
865 20144
1149 24762
1181 30026
1140 20936
791 24762
1756 261 21772 6950 26373 17878 7168
1978 29636 27011 25405 10128 21776 30026 23093 29794 962 8684 29446 92 29288 12852 16128 28777 24762 15531 21592 15972 4952 24039 28748 14514 18358 25447 15967 20959 20354 17836 16436 29867 7068 842 13175 9373 30004 3595 18275 4805 18124 6894 28133 11821 8782 26365 29886 19834 30102 7992 12778 286 11739 29827 28375 1640 15256 13087 4388 647 23640 6153 26586 2162 3028 8964 3800 21138 3888 927 8472 19611 10477 19343 3498 10494 26435 12921 1718 6116 6484 320 26860 5230 13919 23260 29410 27817 20211 29601 17663 24707 13153 2402 24477 14622 2043 14628 6180 26616 9344 13503 11620 23541 21111 22585 5545 28719 21101 10871 5630 10396 22472 20108 16360 26796 5531 17945 19297 17825 11303 26972 16783 10314 9256 6076 29187 2299 3100 18082 4078 8403 28331 26203 7918 27595 6582 27726 11676 25886 17680 7852 15907 28247 9579 26111 247 12079 9390 27699 26366 17142 11343 10147 23137 21750 22443 1995 9821 20991
2165 29054 8949
1177 14950
801 5155
44 4406
618 25897 5060 23419 25720 1254
1376 24762
1831 5222 21068 12479
1208 13348 9176 15797 7328 8233 13836 24515
1493 29136
1547 25897
1160 29465 10103 4885
72 20580 17635
1435 12921 7949 29614 348 17907 26704 27436 23652 17943
1763 11106 21549 24486 10462 22633 7586
2020 30020
250 8218 5495 14280
1265 5403 5269 27609 23189 25849 6603 7051 13313 13690 6850 3498 15332 24144 15022 21467 27012 9999 17663 3185
728 16165
2132 5519 30015
1662 6173
846 24762
1619 2688
69 24242
71 27953
513 21118
1384 29342 14924
1815 24597
112 1406
736 29933
1805 18952 18919
160 9530
75 25478
495 11423
148 6458
1052 4388
682 25319 10318
867 20298 24869
711 2684
859 8720 13966 9515
1668 27000
491 16265
1162 17103
818 21772
409 23959
1484 2672 10930 18981
19 28809 17835 18743 10204
1591 6151
1036 5449 4478 4514
16 15716 27446
1741 4429
2151 25039 19807 14977
539 14284 2976
2013 500 2003
2105 24762 30058 24393 29023 26586 28410 3028 908 24131 1070 5952 12568 21583 15793 2770 12889 17625 247
630 2850
873 9289
138 5070
899 24762
2026 26580 22116
2118 25897 16189 23794 24588 6964
1562 8870 21476
1660 15777 10048 9103 493
644 10048
883 29827 19452
1700 21027
368 4235 17274
995 13645
1734 3158
1452 2421 22003 9516 17625 19476 13565 927 6438 23808 25708 6242 27709 11427 3948 25231 25072 12079
956 10118 16954 15500 15370 3372 2865
73 3517 1899 18142 20603 9065
1800 12861
2049 13633 1894
1533 25897 4954 416 16682 18851 18458 2532 18257
1567 4163
1833 4317
1585 3055 28143
1851 21080
759 15900 8097 27619 27156 4933
2140 19674
658 24423 16 13858 24762 15425 6567 28398 23560 19479
193 28153
426 25037
535 18282
1346 26975
1584 16594
39 28168 27037 19895
436 21064
79 3106 10772 635 13275 3605 25897
2127 8781
1981 7208
1332 14325
11 16133
217 20876 4084
1059 14845 13441
820 7060 6168
1844 9895 23222
1559 15363
2060 8581 19829 1691
1601 7277
197 11006 3520 877 6189 24279
722 13275 635
1441 17621 9040
1116 18719 5379
1115 11375
2008 6157
1288 28323 11683
1607 27377
1212 26890
1146 1433 11243 4771 29410 25622
320 9258
1986 4035
2147 4159
1617 26858 25066 28550
1577 23470 4362
707 24762
763 8554 24293 1366 23260 18957 22900 29565 9880 16995 19100
1280 24881 12852
2037 6162 9437
987 17722
1268 27959 28348 22960 28169 15922 5098 27940 28250 20876 7626 5102 2378 21980 2772 22681 11143 5839 20993 10627 3706 9762 8192 8337 16688 12764 721 12262 23488 18725 17567 8782 19467 1443 25329 4592 26051 13496 9338
1169 24762
1045 22292 15954 11344
1863 5136 6376
425 6607 6418 21637 7545
1344 5725
656 25070
537 15116
1275 25897 416 24185 24899 18458 15033 2947 8311 12650 12489 18580 20222 23737 8493 28347 18898 8101 5703 21246 26225 6331
120 13709 14718 2775 2246
1469 14068 21203 9429
920 30026
1002 333
1950 6413
879 25766
974 6193 29571
765 19452 22280 21175 13967 5994 432 8301 22623 1383 16087 24272 27042
1030 26943
2017 5667
1687 24762
1985 27505 1768 8633
895 28831
1353 24874 20794 27761
1326 13344 10449
452 14759 19586
408 27437
170 323
719 22062 23104
1184 8097 3757 24477
1538 19586
422 25066
174 9437 30017 18508 10971 29809 17179 20426 10559 4013 28943 19436 17910
1319 8566
473 29233
1518 24762
299 18055 9192
944 19368
478 26366
1926 10249 29397 10740 3345 24740 19452 5578 12624 20447 26572 18235 4983 20354 17567 14493 11643 25886 2171 13591 1505 26851 20959 28162 5363 17446 2368 24477 21696 20670 3814 4494 15585 23564 12565 354 26166 16621 24548 25643 4459 547 9910 9170 665 27703 6007 23116 11694 29887 18507 20129 179 28832 7367 19586 11066 16102 6398 29438 19741 11551 12895 29345 24017 12603 30103 16636 20939 8057 9390 17263 1827 21553 25381 29743 3061 25909 29765 6525 687 5396 13396 8695 11922 21291 5583 21818 14622 24336 17818 17814 14983 6526 2010 17405 22385 22488 1604 21725 3670 3806 7430 14554 7204 19201 10627 29445 27515 9256 5460 23233 25541 27966 4741 23943 14546 6527 17700 12568 21966 28106 5109 10338 2405 9027 18492 23644 19543 8388 25104 437 26670 15901 21450 18952 8955 5096 10515 9515 5880 1394 15703 8844 293 17116 4760 5451 9705 22894 20356 21243 2808 27599 25597 114 25043 20267 25004 12194 3078 27336 15063 16727 6295 3245 9716 8701 28999 11962 3905 16297 4293 8495 976 18400 4523 23489 17982 15337 9505 27157 3793 20651 7633 1568 27307 29284 28574 28731 20103 11142 3046 8090 1670 18030 22008 5575 21175 10296 24463 21046 22585 24506 29101 2335
195 12436 1176 9295 25778
180 11028 4920 7779
216 25625 28706 61 4697
324 993 9461 8678 11880 24138 17881 6623 2483 22516 15114 13206 8955 23135 8568 22287 14192 18531 27387
489 16362 28045
4 26676
1761 16676 29319 29228
1425 20142 22738 12017 15928 18839 9962 2266 9608 2944 17298 48 27173 27985 18963 19185 12618 26528 20266 27819 20006 19943 4407
730 2322 2858 7143
5 10394
1959 24243 29276 9946 10048 14696 27265
857 24762
1004 4207
1013 30083 8328
1888 19002 24259 29238 7899 23888 12062 29448 25163 2133 24558
515 12460 4649 5307 1585 4637
860 6053 24762
1126 6877
1342 5410 16902
1067 4774 26628
1739 19863
490 16368 25639 1628 7072 16417 25152 22461 5771
2061 124 24321 8776
57 28691
1661 24762
1277 25897
705 22862 4940 3274 16077
1489 1671 25897 15801 14622 24831 3863 23583 4111 9846
979 22036
1706 24762
639 9910
374 23165 5116
843 22919 17237
1843 22345 26672 3828 2842
1649 15790
1890 1477
842 29614
784 15585 4494
1775 22292 25939 13043 8463
471 28522 25271 24588
1747 13092 2380
516 12278 2915 7192 3578 24611 3948 24418 7884 28003 21499 23022 9399 29887 16 2473 13394 2476 16709 19302 1343 25683 22288 16626 11620 24762 15430 5210 22489 6157 15638 26188 18974 16921 18720 26586 17384 1479 20012 6398 3683 8701 8129 8319 16250 22313 28565 26366 6947 19834 24089 19388 23214 28079 20136 4388 12698 23061 2704 8938 46 7813 525 21357 13560 9322 12298 5367 19253 25506 12332 16034 17258 2070 9589 17854 24495 17573 5142 27023 9108 7588
1511 3027
269 14845 7768 24660 13441 28498 14183 21518 22751 14837 5690
803 13347
1431 6104
1879 5701 19676
2057 14554
1788 24311 13578 11364
497 24762
528 13862 6529
376 4235 15624
1818 24762
1433 16748 19599
1674 10773
826 1507 17286 14115 23100 24437
1759 13741
445 28657 20661 10661
689 27911 14572 27452 10895 3878 16466 26483 28681 20244 16942 15750 29242
498 9638
716 10935 24762 8136 30021
210 22148 9013 24616 8493 23202
1338 12021 25382
978 7360 20899
494 23152
413 21700
762 24168 25461 19736 2606 20331 26347 23725 29008
1267 4786
1519 28626 21475
1494 20171
1318 27584
986 19009 26358 5999
493 8429
1993 24762
540 10627
1281 18788
228 21034 17306
541 25897
2014 27201 17997 13111 22155
350 24771 8932 4778 25051 5042 5337 23423 13523 27682 1387 14217 20894 20705
1341 29095
1812 11240 22728
136 6191
1405 15442
650 24751 16677
1179 11502
1651 10985
1303 20181
391 4556 17443 3996 20928 28265 26113 812 25921
393 3632 11571
647 5199
1907 335
683 24762
126 15776
741 24762 28812
424 4482 17891
712 20192
163 2378 29614
938 22550 9805 10991 14390
673 9934 27102 11248 22611 27431 29656 2557 18133 11940 28468 30026 17697 5786 24346 13765 24957 23063 2969 20824 28587 17810 7353 9078 1700 30006 1693 9923 12332 20825 13396 16851 18725 14028 9589 20036 3539 25163 22807 24460 16717 2157 20165 21725 6065 687 10809 14930 24357 8201 12427 9261 12464 21015 25437 11427 12079 957 10338 25529 27139 6793 5444 28381 18409 7474 24305 594 21112 8386 12891 15956 1169 11823 23286 12342 15242 18222 23271 19244 15595 28543 2147 15953 11492 12706 29187 22130 18332 7553 18833 6083 18463 23513 4152 5938 20226 20072 23579 24523 16474 11675 28986 26942 27505 17803 8314
831 23467 14275 1944 5553 26366 13741 1538 28635 24717 18783 29359 9589 14812 24838 1359 7530 855 26734 1505 14930 24263 29388
458 27523 13881 627 7360
209 26033
609 28986
943 2836 5043 16086 12848 26414 4620
1447 23175
564 14679
2033 15468
1865 14680 4274 27106 18745
710 16253 11002 28423 28461 27278
669 24122
1438 14665
615 2408 16877 13528
451 13058
1313 25897 23340
169 9152
64 22728 25897 11946 22846 23315 3270 18365 22877 2233 29946 25607
1823 21655 1346
1552 12532 25337
2108 18432 2378
415 29409
202 3472 26188 15282 13765
1274 5926 15856 20488 25447 966 14412 21336 3843 11366 23040 28025 17005
1792 15390
1223 2780
127 3222 20177
582 21851 27511 10356
1963 16013 6052 6254 24711 11477
1534 17934
942 18776 5936 8150 16312 15500 10118 16954
94 10608
428 14826
608 16193
1722 26057 10512
2075 12255 7111
832 3353 9201 11248 15885 16124 20298 13874 13113 13926 25891 16778 19355 23360 18345 4340
93 15282
1991 3806
164 3640 661
509 5155 14397
913 27084
1380 12325 15730
1893 1169 12152 18516 23911
1248 25897 5060 24507 16189 11978 973
715 3201 18373 23061 18062 18116 5233 521 18527 10338 7841 25450 21396 20967 9229 27069 7805 22571 15317 20466 1394 9390 20671 26039 15497 23063 360 23956 19586 20865 16297 1138 16518 16497 6926 25316 27805 7997 30039 20460 29361 7072 23885 20026 7758 23110 17591 16047 22110 14036 9279 22056 2660 5879 19724 7672 10421 19820 8213 15772 30026 11919 8358 5918 29594 9933 9868 22754 29818 18402 23484 7628 13541 8087 1786 20168 4569 8692 20347 3086 5030 18714 28217 29446 24336 22188 2724 11469 10758 26950 15394 9837 22338 26847 25652 20488 16013 1050 26851 10396 21451 5389 25634 24229 1584 15001 28815 17567 23747 20226 8403 15506 3095 15010 15976 2293 3425 14537 17802 10642 5269 17280 13193 8942 16161 23768 3529 24170 29918 20997 17400 4575 27969 29319 27008 20985 125 28597 12132 10320 15042 11224 8377 27489 10627 19452 14744 19283 10087 2221 12869 926 15827 28878 12259 9589 14899 12370 20993 24767 18937 28014 5697 818 13315 15638 25891 13926 16778 8555 7335 6766 6484 6398 11476 2424 25369 11667 23644 22724 7550 25111 15694 23832 3144 13690 9166 29061 24242 19670 10855 29409 5441 2189 7538 7663 20036 9153 15954 18516 19886 7248 23009 15893 265 28604 18767 22377 29904 15793 17096 23787 5400 8619 1070 10606 20143 12892 25447 703 432 13331 11927 204 9930 14462 1462 13530 20527 23079 7926 10151 16759 26633 13565 14972 18231 380 3671 5449 17237 25427 14609 7128 14257 2631 15008 29088 28394 6818 12646 25168 21940 29314 29601 25645 29599 3750 17263 29219 14961 22421 16594 18275 20698 17571 8613 19661 9741 25897 5588 3918 27505 742 4515 10577 25693 26656 4646 16835 6223 8166 778 16262 19660 4552 20555 10693 2111 20229 11799 16717 24252 22524 12380 22086 13464 21330 27906 29998 17753 26926 29627 20434 19839 21965 25226 3204 12473 5249 2496 23985 24060 1980 20693 7790 17271 25231 9152 7042 92 12556 14305 6091 29171 10888 9982 4867 21138 23574 22335 11067 4795 7621 11163 20934 11483 28458 8912 3014 123 3744 25394 1445 7822 13891 10749 14581 20192 18866
1667 23004
1853 24930
1084 2655 23269
181 25897
1142 28333 24553 24545
62 12532
645 28255 10851 25389 15837 19970
1749 21614
935 22529 11225
505 17621
545 4482 17891 14628 19621 7044
1801 11753
186 20826 17380
2164 25374 25454 23340
18 12288 12792
265 23842 17668
1007 13885 20095 23049
888 22537
782 22734 24463
881 25903
2148 3326 17537
133 2003
764 21307 2829
260 27966
2139 29948 29740 8558
1120 16229
602 15241 28721 16278
154 15863 9941 5402 2970
1570 8713 25108 3242 16451 26450
761 29261 17660 11004 15953 18276 15430 2704 17129 23163 24846 21749 12181 13642 18725 18324 15793 14225 7410 8500 10144 16518 12070 9499 3603 22219 8437 26469 1600 5249 13577 1039 21237 25897
1857 15448 22160
1397 24311 24012
35 2893 17881 13366 14595
292 9741
2111 12231 15793 26188 5269 25897 12846 11355 30026 8777 12471 3152 501 6376 20322 208 8211 9086 12505
1869 24565
999 12194 24767 5622 29075 9943 24067 966 11315 16013
2032 17700
81 11439
1685 22050
586 25897
114 27390 15265 24445 29787 21501
906 830
356 22405
542 25565
1077 19241
875 21465
1509 4344
1485 12753 21065 18570 10869
2039 17277
1377 2801
1306 1557 29614 8239
700 20782
483 1520
1492 18904 3125 24160 18127 28577 4442 3925 6782 25891 23496 20865 26453 1971 2575 17352
1822 10787
1073 6856 2527 13523
2058 24962 29735 21338
1708 16468
655 30056 29090 15589 6849 11883
1334 14972
1782 25897 416
1309 11359 8318 14507
1050 8507 6810
1383 22765 26113
1962 26676 15523
525 2845 11724
900 25897 5060
224 22012
442 28809
1972 30095
443 4556 18063 4520 2964 3978
877 25111 6609
1786 29356 9825 5274 11611
1460 18818
121 24323
1102 12962
183 11540 20181 27249 28179
447 8619
969 8962
1286 9658
1616 27636
140 11940
1889 20992
2110 5545
670 24119 5535
1037 3544 19009
1474 8493 25897
332 13765
1442 10593 17022
595 29152
267 8444 12573 29897 28979
353 30026 8866 22269 19708 1398 5091 27491 17223 24732 1154 17120 7788 3404 25822 18140 515 5124 9928 13146 20508 11475
534 6895 22720 12455 8468 11068 15692 18394 29470 27268
2056 19860 3947 19444
300 25897 9241 6544 12614 16189 5060 11978 18851 1744 1671 12947 11946 17397
699 16602 22011 12053
2078 425
1544 13563 20084 27623
868 8629
1106 1896
1022 18463 11689
797 801
268 1744
343 15190 22348 28227 28935 4308 26097
862 8841 12342
845 22720 12455
2041 20006 28578 14272 21726 2786
321 7066 29459 27465 6310 1159 11034 15915 25243 17675 13091 20462 11748 29419 26051 13894
598 23763 24402 13012 24313
629 5248 10681
1579 9159 12554 6061
238 19241 416 23163
830 29564
1408 1905 14686
145 20649 19426 2798 17050 20298 7189 23139 25461
1056 4839 24289 14142 22707
191 7821 5974 28969 25077 25019 22170 8557 9589 29397 2816 19434 1386 27706 18572 29802 12874 926 24242 22702 4052 4755 10627 17217 3869 3965 20819 26085 11901 11228
1168 4079 24359 19772 22973 11443 16844 25148 12751 24737 20241 8898 13174 11215 11097 29987 28239 595
1512 16161
640 10469 13071 29788 8601 23703 5585 10736 8751 29260 24863 6826 27317 3763 23794
1409 28597 20389 4166
1810 22166
1770 15793 10026
1191 27601 9341 24498 26958 7937 8810 13510 24166 4952 10207 14532 22652
294 19643
2092 6936
1811 3253 28863
225 2173
1916 29340 8156
1921 22734
511 5626 29054 8949
807 1138
823 12530
1613 2939 6245 14741 15857 4186 26454 19312 13609 21396 27940 10362 6246 3671 26232 1594 13510 22836 28355 16995 22170 8250
1931 28065 19515 8409
779 8761
1467 10627
954 9893 14836 5059 13024 11540 1662 13023 3927 7687 28209 24101 7095 25875 21341 767
2063 1315
704 8713
450 416 12947 24899 16682
1624 14559
1698 20501 26183
1216 23982
1999 4857 10221
1897 16682 12947 24899 416
144 13694 1887
1468 28986
889 18535 29534 23705 9492 27580 7571 3925
212 6071 2206 12356
627 25632 16365
1198 22975 23005
578 1747
787 5116 20333 28936 19309 24637
1240 11877
885 19704
934 5526
1816 5842 1584 25117 27903 24672 16368 3134 28748 1793 18630 24017 2237 25694 616 13937 11924 12701 16044 14761 22389 7937 20595 10794 29987 12298 5650 19780 22037 22860 9074 21925 930 13517 23259 29404 22519 23285 11419 23208 7959 20959 11245 6054 11686 19769 14798
2048 3573
1053 29984
893 13306 11223 6461 7586 19426 11136 5630 25492 8057 9231 26725 8734 15456 16075 8137 15149 772 29097 21300 16124 26987 20488 24035 24809 1746 3395 17567 19312 12679 6398 13058 28177 22361 26287 5100 26085 11689 29498 2572 7092 26619 8798 25111 14696 12837 3554 19452 10300 12408 6922 18111 4476 2547 18408 24898 16296 8885 29780 8557 11492 17368 23967 5645 14665 20223 21392 2350 18255 7959 10125 217 18913 29564 20911 26028 8019 19853 999 25937 29306 14695 22747 8491 10627 16961 17312 25601 3732 7659 18219 1780 25761 824 12079 17096 15352 19097 20642 1762 11353 16790 14810 13223 12751 28694 20307 20853 7307 25158 17657 2231 10372 15962 28448 16655 20875 26226 24938 18024 3944 12706 29546 27256 15798 19720 23514 17639 23092 25856 4964 11924 2221 10217 20767 19030 19573 27819 3722 18613 4030 18330 8424 1031 14221 1542 13439 2328 8341 15754
1854 2775 13243 10997
2021 4218
61 8493 23155 416 13553 24756 10600 3106 20334 2233 2298 23777
153 27597 24477 13510 18255 28577 18047 19221
386 26248
789 25897
1686 5410 2744 25865 5108 12860
757 19
194 25897 8493 27780
1692 2182 23037
1152 11940 5620 17451
1017 7351 12407
536 25857
2112 12698 4388
806 19179 1927 12961
554 13442 7613 16167
1328 4792
1971 6256 14110 6884
985 3392 425 4160 16178 29410 5080 28550 25066 9729 2467 8433 21112 29361 19244 513 10199 25583 3405 11686 8567 4388 1383 1568 16049 25561 7248 8135 14183 14622 17816 26612 21700 2708 17960 26787 13170 7079 29062 24668 7151 20949 4771 8715 17435 9022 8396 15282 8564 29206 9370 28416 25307 20669 1643 12070 20476 7768 8364 20279 5512 27460 14792 8030
769 12812 6230 5285 9390 14013 7474 24477 6875 27505 1354 1753 25737 21647 12194 11212 26851 10407 14223 3577 2023 8542 1782 11989 5765 6922 6455 20621 8665 5396 15776 1032 12181 6156 4575 27969 5004 21595 20128 9748 17325 29187 9862 10963 19910 4139 24082 24642 26928
774 22700
256 10616
1276 7118
1565 2019
1719 17547
365 24762
553 22751 24660
1005 30070
1948 768
329 21542
1032 24597 17570 16244 6308 27235 8971 12076 22717 13972 26483 16466 8204 22830 891 28056
1272 16518
662 15282 3906 9176 22292 13043 1538 25939
456 21670 6659 8761
1580 12317
2116 416
1828 17963
1758 24483 24762 24292 69 308
1727 26660
104 4035 22975
1417 7959
151 22418
2027 6240
1432 29788
824 4217
32 24637 2177 13812
1548 10225 1387
794 15694
1251 5685
568 13441 24660
1765 7735
1105 7132 11820 16467 2861 29136 14499
2047 21206
1282 21421
2009 21067
518 19909 3395
1696 8412
1042 23177 27689 18484 14291 14106 10479 18702 18437 10845 4944 2662 25851 8710 11141 20445 27725
1973 26446 13827 17005
1866 17451
1581 18820
1444 25523 24320 23466
366 17465
953 25447
1400 10048
477 8437
1540 26928 4828 10342 18134 23087 22221 25293 11785 17156 26243 6065 26851 12543 14524 13990 23519 18193 7814 24783 7767 18516 16068 26698 17963 15657 12865 2633 17185 14844 7659 27044 9414 19704 12688 5636 3040 5354 13354 6528 24247 26568 28189 3737 11385 9010 27544 23513 25940 15502 7408 24767 25641 15275 868 11692 19560 10675 18781 19318 9795 13881 24846 6765 12640 6255 23832 7601 24219 28623 23451 4592 29499 6621 23326 14792 30031 1510 5363 16531 5149 23555 11353 23942 29112 24441 2215 20012 17096 6021 25168 23061 5754 18358 632 18275 26589 5165 11223 2082 2497 24462 23015 28184 10207 15416 20039 16041 7565 11675 29806 28416 25423 21426 7051
664 9496 13275
1114 15172
1261 3638 4778 20894 20705
1737 19491
1225 11047
514 23904
470 7768 16495
371 2691 16950
162 15638 28177 21562 27162 3010 28295 21070 16752
2150 15776
905 7959
1729 13563 16253 15495 13543 17319 29457 24823 6806 12688 13764 27789
945 27537 13907 9603
262 27505
1134 17421
1232 23747
330 10208
1977 17302 4449 18750
1935 22229
1459 2836
1483 22008 28472 16672 15914 16932
322 11660
2120 25221
977 28597 5000
1374 16863
1416 28211
1771 14356
1455 27953
884 17759 23528 1501 17994
249 29431
1835 20484 28291 11057
401 29858
103 13464 12445 1680 14616 2858
337 29780 2858 3428 10962 29039 13464
672 328 27257
1018 28621 12721
567 10373 25864
1707 15448
272 13974
1094 20565
1108 27257
687 14294 1728 15198 9980
1456 25218 28534 3573
190 4964
638 1499 9863
628 6168 25355 27754 2892 27537 17212 13597 12194
352 30026
1003 7597
811 7828
1362 29153
790 2996 3580 2514
813 7358 1406 3428 21248 24230
1401 28269 17751
504 25897
1475 15282 7812 22858 10627 22292
1477 1590
437 7241 1406
1621 17220
1825 8279 17954
123 12679
1688 28565
1891 21071
1663 21670 19183 1670 10048
858 8662 29772 26231 12812
742 12015 9187
2117 25865
274 21037
631 28398
919 1555
982 14133
2163 22960 10448 2542 13436 7031 18219 27172 24545 20488 13458 118 21423 6230 17765 10836 22287 7528 12847 12584 20690 4 3222 727 14290 11146 18820 16628 3512 6398 16412 25447 22924 25897 15709 10595 16881 15878 12575 1382 26865 1332 6059 20598 17091 27066 7825 7070 11820 6496 29175 19834 1193 27824 26973 5522 13737 14942 7407 14678 14826 10364 2875 23262 4474 6338 14982 1037 17196 25823 26313 889 18152 20896 28577 11175 12227 11444 926 19509 10125 4672 25868 11926 12624 25922 28657 7034 10914 26469 24945 19312 24007 10997 25097 5774 22426 23084 24762 9619 1356 10835 16897 1383 23092 5505 15651 4756 16972 27936 16161 511 17237 4104 11250 26638
1061 14201 5362 16495 7768 29380 10513 30111 8315 14183
1864 22857
723 11692 4964 15793 8136 24952
1299 29101
1388 1137 12646
926 21617
1933 13937
1490 10608
698 6226
1946 9380
1430 9716 4 14128 6736 12540 19769 2317 18206 22254 11692 10142 432 27302 13892 5758 18332 23953 10236 7031 2582 10758 19509 23668 4749 17494 18467 23063 12332 29479 28347 28722 15003 18047 23429 152 22839 4384 10231 4601 20476 12099 16497 24242 5149 2816 528 26097 25362 6270 13690 2250 4385 19149 5687 7610 28247 1191 8130 12570 21711 4609 16864 23664 23088 5441 12869 11777 19864 17963 2471 26469 26753 13436 25423 1201 27262 2543 25345 2262 11837 3324 8987 1551 28626 14183 14380 17585 6320 13948
399 15984 25099 26377 8901 21002 15690 153 18242 20746
1748 15834 29449 1481 15448
208 19221
116 9634
1211 13846 25939 15265 27842 28767
581 5818 8944
1982 22780
1375 10394 25060
500 13881 16756 7086 15787
1404 7598 7556 3756
1097 18535 24391
2103 7565
1252 635
26 6195 14453 1457 69
1488 15776
290 22653 29277 29879
876 17982
235 3820 27698
1340 24860
1609 24562
950 23821 15583
1158 8189
200 147
152 14040 29896 3732 20638 434 27623 3915
1989 4435
1283 9197
952 24176
499 25746
1202 2816
2154 15485 26683
273 17473 5971
24 15793
1464 27217
188 11744
2072 30026 20860 16161
1694 7115 6599 12695 15436 7598 6500 15416 9475 7031 6153 16141 1317 22325 9812 4760
569 14183
2083 18957 12440 14133 685
914 16494
184 28053 22989 8502
1372 3889
373 15793
768 9303
1944 17575
347 16872
367 1743
1566 269
326 1398
31 12156
139 15462
434 4135
1510 522
43 9549 1678
1726 14946 6128 25149 18012 11650 1707 12395 986 8047 4969 17487 17135 19252 9786 31 28963 16361 3625 21775 20328 26274 5794 19702 10944 4688 17725
1881 15668 6818
1325 21315 10024
1597 17188
2128 1263
1150 9303 9059
1200 8401
213 25897 20706
317 5187
1803 5782
281 1671 15298
660 28865
54 12284 22865 22858 26680
1451 3296 10779
2159 27319
2016 16338
83 22292 17862 2284 28926
1638 5364
2158 18057
1957 9498 20902
1426 8422 24489 24618 4732
33 7779
472 1609
561 27761 21926
41 26469
747 17465 14548 4528 8040
771 23357 14507 22061 17816 20026 22053 3649
1410 669
1234 14223 28416 9942 8701 2245
1517 23962 24002
1327 12646 17229
105 11727
1322 22292
2090 23997 3806 21725
1678 5851 28626 4523
850 27648 27700 11263 13205
815 20979
1487 7632
1247 1457
576 23184 8216
1172 25426
266 8146
800 3046 12863 2611
1259 11863 26861
390 12279
2023 16610 7512 851 22366 2616 8470
149 3201 1176
1793 1012 12194 3733 27669
1675 18330
786 17963
633 9335 2241 26283 2567 3631 3556 6727 5561 26938 23735 18532
132 17268
1953 10961 13501 17033
526 23803 7496
1095 20310 26875 17325
1080 5562
1110 22326
1531 17384
837 22485
486 23848 27623 28543 9743
1807 8845 24358 874 16962 19914 1036
1228 8200 25745 10210 28076 242
1611 13352 8893 29147 248
1920 30098
607 24109 11128 19867 13508
825 16901 13882 1065 1568
882 24242 15194 19107 3772
1044 21884 4903
45 14800
1536 13465 2621 2526 9510 1025 20476 21322 9392 787 5364 21941 21917 22248
1491 15793
1850 25840 20714
1643 2684
88 23664
360 26895
1506 22497
1423 14507 19503 12321 29114 18880 23963
276 16402
1407 23959
384 20722 19014
756 22061 12267 23139 1406 25057 5136 12445 20250 11181 1124 23922 9573 23203 24912 18278 24141 20903 17307 6418 29087 5745 1604 12825 22453 25915 15525 22559 3785 16925 1618 24637 17219 12682 23305 29166
65 17360
1569 193 15370 9271 16141 14945 23621
911 29601 5911 19698
1702 19427 391
1664 9973 20682
955 20860 15763 21344
2167 10961 17033
1165 9148
1239 610 18126
1724 6764 163 16067 26862 16216
1556 14648
1984 15978 11059 136 1302
237 7208
1705 24762
1593 22724 13135 21363
243 29800 989
991 22958
385 1611 8222 12950 12622 25479 11165
178 21670 9946 6659 19796 35 11181 3997 17628 13760 23811 6135 29117 6475 22340 27035 8588 3785 3649 12837 29939
207 11414
1497 3932 748
927 8609 3109 15856 27648
187 6043
1193 17185
359 12609 27664 13283
922 25766
68 29928
1109 11315
833 24816
469 23602
1478 10308 945
1124 15516
1009 15628
1098 20477
1746 21134
799 19696 29367 16607 13278 18918 1391 25117 5249 19465 16492 16563 5822 12079 20702 22840 24945 25394 25342 13131 996 12353 26788 11824 1976 1409 24660 14183 20223 28390 17681 21030 15924 5943 10324 4747 18314 5095 29421 5003 10938 9732 20486 26584 23635 21083 1528 25790 17701 9751 14654 27190 10369 4555 12204 3800 29601 2099 6871 18467 1942 16467 3080 23260 7647 13504 2815 17895 21808 8581 4159 14737 15729 18258 27797 16641 19576 10919 24060 10284 20728 16161 25831 6448 18309 1044 10676 7723 15754 15416 26253 16261 7067 29243 9623 649 18597 12334 18187 29446 22718 30009 2202 1831 2854 25775 17216
63 4228 20187 13328
492 24012 27832 20281
1604 15023 813
679 24651 24584 16056
1112 15282
215 15282 17171 8859 29969 22292 16628
915 21273
1360 28101
1128 18215 17268 8391
1343 25868
1295 416
1960 23623 11372
1568 6662 1743 11 14037
1480 20163
1630 25897 635
1300 25897 17120 23155 2233 24899 27494 28347 13553 6544
1083 8363 28053
590 22864
344 7235
1125 13737
758 24569
1482 25897
1269 17650 24352 26399 936 8276 23361 19370
766 107
1311 24228 16563
1072 15712 6195 5302 14405
1154 416 25897
1779 3800
1676 17575
572 13921
694 23302 23995 10494 12914 1178
2059 25897
1024 24762
1129 876
1194 11277 8006 12774
1502 8348
167 5323
661 23773
261 977
372 798 618 3476
459 19312
1363 27265 17816 25827
1794 15768
1939 25897 28347 17120 1671 416 13553 24899 10118
849 9652 22844 1123 13149 17935 23398 9645 2466 23094
172 8491
1087 8987
1065 25897
584 21619 29484 12565
315 7792
1876 23477
592 2045
1672 10354
1189 3080
431 27409
1589 14756 2837
109 29636
234 13262 23349 12302 11281 23436 12599 20064 28956
918 6662 8403 4196 455
1932 12063 11478 4099 29621
2130 4098
1035 16002
1870 20419 6664 20286
468 12737
1899 10362 1149
448 16025 6488
600 24198
1909 10543
286 3107 18365 22936 26109
1680 8458 27408 19644 16902
1381 13640
351 15628
2019 2119
984 25897
1121 877
1714 5060
1976 28362
1653 25897
1821 10030
760 14507
1197 19361
1592 3285 12688
1504 17722
622 12079 23063
331 4711 13519
854 16051
898 2536
465 1998 13761 18679
1220 27623 6560
1255 29697 25327 20591 5754 20036 3539 14954 16074 780 6818
1717 5008 22292 28384 13410 18126 27523 16570 24727 12422 3616 9445 13458 17537 23956 14724 16798 2508 8507
125 17700
173 688
7 30026 13113
1305 1028
1205 23633 24012 11394 20838 28363 24894 14542 12606 15918 27419 22879 23854
1954 21512
753 10754
755 8491
1171 28678
108 21731 24267 9156 8315
1845 15754
1769 6619 3869
1936 15628
1718 11962
230 3309 28929
1691 28635
403 20240 26516 24444 18120 25608
1554 30066
1450 653
135 9155 7470
971 11761
58 5866
2123 3826 5205 5769
594 25238 26953
275 18134 14695 19271 27728 20934
1166 30016
1732 9094 18608 923 7265
