928 24741
84 2195 8570
1370 1667 26529 15622 15793 28889 25594 16231 16965 23034 13754 20515 29440 23539 13881 19531 22292 14791 2724 817 26193 4816 11284 19385 10768 12525 19599 12308 8637 4807 18358 1383 22966 9462 22247 23729 24036 18031 8665 17269 13908 9545 8376 28887 27102 16137 12016 15465 15536 28257 22291 16624 21614 19167 21722 15670 26461 9898 24179 20404 23863
2051 8978 27505 12070 3281 15364 29247 28941 7745 25661 4220 10514 2546 19452 19586 25159 12880 9433 4941 14932 26702 18263 28643
1652 15141 13959 29841 28499 25172 15553 9487 19068 11283
1192 29614 14271
1245 28394
1965 5016 11123
737 15533 20645 19613 5341 18800 26465 24381 18243 13941 15670 15840 3985 10233 11271 20630 1406 23287 19741 7690 12289 25355 614 11512 14507 24685 19370 19365 13048 6661 2787 13748 30105 12975 2271 11491 25276 8819 8044 27644 3934 15080 9415 19936 1499 3473 6976 18708 1434 8385 5158 20220 21304 4384 17483 5661 13442 11933 21977 10807 16578 25818 24022 26680 17186 10256 128 8875 6387 13202 3166 24454 22416 11301 25619 28601 5499 6039 5584 996 22593 24343 20371 23121 16102 13847 20130 12679 23855 12866 3046 3070
349 13763
2042 10946
1082 8492
571 20298 17116 293
1471 22539 19385
318 1425
668 27367 25000 5136 21529 18508 18823 29093 5183 15670 1170 9215 27940 20961 8264 19949 7992 20142 11210 19972 2402 3583 24879 28758 18432 24983 9390 28314 22743 22548 18964 668 2809 8581 22280 16883 4530 13952 3701 1383 10338 26696 8726 26461 3584 28058 9007 16628 14917 21130 11245 1564 5957 5449 23958 2634 29372 5224 24498 27212 16921 11949 18396 27789 7540 20273 17483 25066 24464 3092 10396 3473 16241 4374 29182 12086 13563 13523 18861 19427 391 13592 9465 23063 2704 8634 17369 16614 11889 10272 22988 24444 15080 14470 24060 3600 19370 2112 14507 6378 5630 3764 26214 20943 18843 26322 29046 6132 13193 14424 13233 1943 19464 1629 954 21854 25671 18870 28356 10764 12079 6518 12247 19979 13024 10192 17659 8458 14430 24484 21584 20959 27146 11458 19678 4705 16958 24548 1237 13396 1299 27894 8183 5339 3224 822 5216 14935 2473 18010 19426 1948 7239 13624 7736 11744 25571 1994 28422 23542 18873
1942 20375 2558 24545 15523 23206 12085
1064 1538 26001
327 11016
1545 20510
1550 1449
667 3793
1385 17400 26642 4057
82 10046 17120
1934 23747
85 21407
137 14068
113 16254
10 14701
454 24484
512 4837 4172 27152
1968 28859
717 6159
2080 21544 23121
724 4374
1922 23802
812 30105
1501 25695
1103 27643 1383 28777 23504 28626 24712 19228 2247 10207 19857 15670 21559 15793 2332
283 13023 184 9203 6590 17408 19155 10973 23478 6247 7827 12386 21938 1520 6453 1112 7691 20103 1771 26790 14383 22649 28709 998 28883 21584 19096 11588 17237 17759 9055 20819 10073 22127 29311 3864 711 29687 15887 20427 1383 21850 17563 17186 1155 14390 12039 22733 4515 18358 22173 2563 3870 28181 9946 1242 24717 14896 2402 16161 10125 21942 21615 15647 16564 18858 23190 10544 25897 24319 19370 28298 21007 16204 22416 11906 20905 25405 27132 29743 11245 16652 6463 28412 3425 29920 12540 2609 14554 8753 15286 1286 16209 18454 21199 21146 15174 4483 957 30090 29628 15716 25508 7417 3600 22768 3111 11670 16557 1582
1099 25477
90 9005
143 4592
70 19068 23507 11047 18306 20134 14896 27686 27665 3606 2625 26480 15900 6539 15832 17404 14323 21891 968 12962 1047 29818 29816 19385 11937 27037 28168 19895 17817 16811 16883
1133 15281
205 5278 2929 23630 23580 5705 5619 3965 20006 407 7401 11881 18082 7418 6132 26214 21475 22197 16193 1586 1919 16189 25897 23734 24444 19972 5577
937 16968
1123 23775 1383 21146 17654 18179 14214 10338 25886 15675 24410 5049 8846 18305 14919 25508 8313 15401 15080 21241 14663 15654 20814 6120 19385 20697 27153 5973 24033 14293 813 2654 15415 18648 1554 25333 6002 9842 12043 12693 20668 20965 25873 18535 8705 12175 14761 2689 23515 29349 12675 24429
748 28216 3294
1940 3876 29422
1093 28884
484 29683
1 5700
1994 26126
1830 174 24802 18542 13005 12254
382 16942 8006 20244 28681 14157 14936 8770 10895 655 12774 16466 27452 16143 1469 20087 6542 7987 29691 11452
2124 7126 6700 23751
467 17404
1023 15756
475 5917
616 13741 7428 9616 12146 20181 27238 24695 813 29971
336 22292 17623 3082 26507 17712
2003 1568 16790 19452 14445 18842 17483 24068 24189 10643 14507 22572 27648
751 28075 25252 4139 319 28442 23787 16431 23665 158 23036 16421 28371 19385
461 29712 19988 20815 8760
1789 17689
1841 19385 23081 14791 851 23579 6017 73 30054 15465 380 13656 23638 24983 17208 12997 28564 29265 340 28293 6196 28841 17646 21384 26170 6517 27934 12072 26019 7841 11007 6788 28666 26527 23275 9227 25622 20596 24893 16698 16935 9437 12633 23744 28345 3801 15650 14105 18639 6553 1016 4816 14999 6237 21396 25829 24467 7884 10209 18275
1308 6265 11813 24109
777 25066 28550
263 26278
414 6453
1218 2993 18021 1794
1066 8365 29690 27883 10590 8317 24552 23509 27940 2560 2489 18958 20369 9344 17827 20575 3882 26643 17620 6680 17774 20783 11909 5937 11049 24754 27067 4966 9008 11974 3650 13523 16596 28666 10898 15086 18152 21207 25922 28832 7159 9616 4477 3979 27897 7015 18555 17319 27245 26973 7856 14172 2488 25282 12202 10140 6818 4492 13279 5958 9725 27858 6323 19368 9952 17635 2413 28093 7933 11248 14546 29101 7432 7622 24545 29471 29726 7139 8213 11795 10684 21896 19741 9460 8726 24498 16655 4952 8291 9589 6766 9251 27058 14566 25733 19643 11470 18778 5876 26815 13254 12039 19365 10137 10822 12677 11609 19491 6627 4526
1995 21670 11181 11865 6759 2557 29438 4362 2411 25695 16891 21013 2177 29253 4221 9276 22974 12002 27186 8669 29335 28402 5770 23686 5611 26614 5496 14137 27163 14424 5100 15001 18329 11245 16598 9491 23438 11640 25534 10825 23658 1699 28940 17857 16845 17841 8083 9437 10618 23731 11502 10433 24295 28360 5136 8782 12915 8461 17840 12445 4845 5200 14616 3811 29206 28425 17394 1828 8548
848 24762 11983 19343 14791 18578 13053 9842 7396 22055 3001 27074 11414 14828 15658 5797 20375 14245 7731 1949 21614 27532 23937 9689 28626 5469 2247 12819 2071 17109 24866 11085 26659 2074 1544 24067 6855 23133 5155 1675 22282 19660 17638 20646 15415 11519 28944 5269 24535 12560 13938 18477 3775
1463 29429 29354 7554 2633 22889 17145 23121
242 11006 17654 21207 10057 5373 18099 1541 30105 14695 12985 4317 14800 15984 14852 15282 17623 24881 17071 9910
675 15098
1600 9564
1813 7157
2113 19720
1762 241 12806 13324 5196 16 11881 11311 1383 20290 1603 9250 23103 18084 22237 28087 10590 17539 29936 6539 9037 25886 24229 22042 27869 22391 17785 20697 225 24328 11670 19418 12164 26835 25067 19452 17594 26380 7731 23459 28889 943 10697 30094 26909 2407 29353 13325 17952 8273 28551 15378 1741 1168 24060 22439 12489 25622 27471 2035 3578 22466 22511 10592 29074 23546 4671 17685 21436 29417 26005 27036 15415 20586 5269 2121 1962 5764 15864 10233 12926 15838 27310 11949 26144 24047 12110 11804 6055 9595 21809 3142 27782 22623 3606 17423 13731 24498 9390 9284 12619 633 7080 24075 27077 23063 29404 16918 15134 1457 14507 16458 19370 29481 29445 29679 1332 23661 8722 22495 120 24390 1175 7854 28039 25000 15785 4342 16661 11205 10183 12024 26790 13033 28775 16344 4376 29164 9842 18174 1070 27457 10358 569 17238 25646 24640 6779 510 6495 20637 29970 7633 7737 21451 9538 22189 15248 19052 20569 24712 14531 25759 21630 9723 20703 15927 10139 16295 4816 20217 21388 5505 332 20390 17188 2601
798 13076 17594 27776 881 28170 15282 4685 26652 24734
2079 6920 5926
1848 7042
226 28290
681 26372 16822
1871 6695 6976 5917 28726 18897 24881 19385 12478 29006 27336 24668 2378 9746 27012 26557 27174 28353
2102 25614 10971
1915 14732
1656 5961
2040 26494
206 24986 23486 26191
2144 14146
29 15969
546 15670
1760 21600
729 20074 10050 30047
960 17936 2207
816 29614
1500 15138
619 11041 28123
2062 28671 21943
1731 10514
305 5737 15281 16596 644 17267 23343 22905
2028 26597
455 8929
1574 8777
1085 20821
804 17368 25066
407 18364 21781
2074 11461 25066
1555 17730 28546 664 2101 7581
1862 25518
1529 29614 28507 7159
405 19391
419 19830
2038 7561 3348 13927
1157 18275
1576 26643 12926 28237
2071 13172
1167 7341
1335 16473
976 17852
821 7999
1631 6392
42 24925 6572 16726
2149 4761 28199 24230 3416 18489
1913 13854 13196 10058 7046
1496 15793 10442
1628 21109 8862 19217 843 25069 6258
1774 18800
1254 24218 28464 19412 17195 7640 28068 23999
396 13960
1359 18707 3623 68
733 22352
909 7263
1285 26364
285 29999 26222 22254 26111 26434 28481 16563 6617 26079
479 10901 7710 28640 17155 16386
591 6177
1838 21198
958 25898 1242 14214 4607 16562 3344 5045 21544 22450 7396 14554 10811 8262 15972 28039 21904 15172 4613 10100 4167 8044 12304 23684 20537 11469 1822 21357 13903 12019 15670 22897 3765 24466 25176 21602 8951 2705 8384 8684 21450 13936 9208 25012 8126 12768 4080 25939 17434 28503 14794 29614 26737 6438 17399 20324 9042 14677 5880 12024 3648 10450 27610 16561 24023 25077 19015 9455 2283 6504 23008 23820
983 29165
706 1488 18489 8097
1983 11664 18673
1349 22156 22161
1701 29280
770 23611
684 10125
593 19385
1730 14628
530 17350
863 29751
2064 12881
1472 3847 443 1672
1751 1505
185 19142
544 5770 23684 27063 19332 29040 12060 23794 24061 24588
1071 20117 19385
106 25897 28347
1466 16350
538 5483 7893 9139
2035 27165 3662 18983 5401 9989
1209 28751
201 16323
734 4762
291 1326 2460 5644 21529 23008 29964 28630 26153 13180 10272 7450 6827 20954 23623 7957 15549 8789 17817 29058 6286 16513 17109 17816 20488
2012 17584
1047 9437
1516 17857
852 1851
1943 22747 14711
97 6443 3615 5340 5226 4615 29714 17436
2168 1042
1670 29138 20490 17234 6030 1934 22014 12434 27451 21840
1436 26997
1331 1174
1236 16578
693 13091 15282 22292 29455 28200
1955 8134
1646 17117
1293 5752
1304 26444 22743 27539
244 7855
714 6534 4344 25038
1296 13690 3968
1951 28128 8075 23305
1260 26353
947 18255 269 28562 1230
1744 8644
585 23026 4764 28486 22185 1701 6325 16730 21366
916 23263
1361 28986 5884 22742
398 17035 5610 26423 16106 22111
66 28534
1842 21544
1246 12431
1238 2402
840 17717
481 22723 24740 25939 9166
1673 9701
74 26736
702 30105
1499 2522 17195
1527 2626
975 26751 26122
222 14704 29821
1520 3563
1882 25136
901 17827
1176 15933 27084
1398 16526
2101 5773
1914 17534
501 2668
1721 14127 13436 10654 27440 1032 14944 18822 2231 10073 943 26284 4131 14507 1543 20056 20221 4805 15044 23105 4699 29216 4317 28375 19967 26915 1374 14547 19370 25046 2332 19377 28102 25506 24 4601 1383 4108
907 15934 5158 11930
1549 1420 22253 18089 20951
548 11815
864 15845
692 26666
417 9412
316 29302 19330
1814 2951
1752 11658 24942 575 11181 11859 2144 22017 20604 14606 12653 21197 14127 6034 15136 20254 8884 19223 6477 11865 20826 6690 2617 4919 5539 28841 2229 24253 22867 9879 8733 2741 11634
2052 29614
1418 1315 1247 6946
1395 13523 11754 9719 4802
1513 17483 18671
519 1934 10583 5553 17834 27451
1594 20146 23801
146 7517 10601 10773 21682
1182 21544
2044 8582
2015 10594 8814
841 878
231 17685 19030 29325
2145 1760 4291
521 19125 2396
1392 17330
220 22322 12466 12586 4332 4063 4263 3510 27721 15150
1728 23885 1331 15267 29190 12138 21670 1670 29526 29652
643 6892
203 13189
1263 9684 18998 21590 18120 20933 19600 25988 9477 2770 22080 14514 14556
1586 5763 27331 12447 15499 18113 27597
1644 14734
2153 17583
817 8241 8249
1406 17901 18460 22466 18102 19818 24285
558 21445
1279 24983
12 13255 121 27277 10315 10901 2825 18317 18091
565 4663 4956 6659
1382 23036 29096 18342 19616 3279 29848
1532 2025
1806 15762
1298 320
257 14820 8136
1031 26523
1641 6474
583 9109
1163 22292
14 26001 2817
872 14275 20589 19370 22 19736 6567 15055 29476 12090 16243 21772
988 3092
1187 29038
342 3837
685 9332
1089 8015
657 24784
2161 27664
1787 1743
1671 1972 2640
239 1387 14559
646 23172 3648
617 12148 20146
1244 15185
255 18727 7532 4820 18460 30112 15026 19350 14547 10900 26461 6175 19385 12478 20697 20961 27765 7340 14546 20891 6649 27704 2420 109 3070 20055 92 17644 9253 29074 13516 949 18352 9053 6132 1383 28102 8482 20899 1230 16159 29976 11679 1683 13096 27403 7768 7013 28987 2886 10668 6719 29592 26366 11969 1950
246 19385
2152 26461
908 7329 14723 27315 12322 588 13894 2224 7251 5534 17623 15445 18212 7371 21295 19591
155 7659
1575 16029
690 10703 135
1186 5406 22437 17875 14024 21678 14583 16776 9585 26514 3543 6059 1664
625 7450
891 14649
1461 16753 20498 2438 17261 25871 23999 10726 9116
1130 4607
503 11889
604 6641
46 21562
1079 19291
1414 11754 18479 27626
60 6686
1049 115
1966 7137
1156 5244 27221 6806
1175 9958 2781 14441
1190 2228
1159 23019 1203 27545
1849 14442
99 21034 2440
1551 2654 22165 5557 4874
1858 25010 4133 11613 26684 12356 15035 3200 23078 62 12760 11858 13005 24597
2114 24771 5337 8932
1107 22292
2104 26161 6903
1791 9622 14222
808 13786 1688
1131 7429 5962 1649
433 23751 17255
1242 879
636 359 24316 1567 20031 13435 9079 3901 19132 25956
963 23841
80 20496
838 11870 18969 8718 1521 13412 19260 12780 4042 20457 5348 687 7998 21494 17904 5198 12975
933 9526
1535 10494
1799 22292 28492
562 19847
1919 29685
2054 9740
959 17404
1740 11853
102 22554
1681 28544
1988 16879 22700 14665 1538 21937 20656 11853 4039 11291 26547 19590 9779 5224 17580 25886 19218 6123 2496 6500 13222 27077 23063 25094 17582 23845 27561 18727 24204 23262 7865 9156 25111 15918 19174 25447 17753 5583 28744 7565 21291 8136 26216 28960 12688 4769 2968 28498 14183 5855
2053 6692
780 18361
1367 28523 10 3585 22009 12425 12605 27510 4248 16541 30043 10924 20807 11455 11162
363 26558
973 26372
1778 2521
233 2002
22 7419
834 6782 12356 20683 25219 4651 24792 21066 23567 1487 6777 22861 27174
53 18546
1443 19442 22995 21285 29903 18559 5269 25480 18558 7503 3606 25552 13807 2949 25966 3527 7432 29799 21096 17399 29265 27896 5978 6622 25311 2088 11290 23525 1994 28235 27944 5537 11973 17068 19330 2678 25743 17275 5559 27408 20631
1855 14507
91 29186
340 12284
2029 29236
573 24698
1014 29816
1720 6976 7982
989 2527
2091 30098 13899 5172 12743
1745 20826
204 16601
1227 1370
1161 21663 343 9139
1902 4914
1553 8644 30035
89 28253 3671
1465 16811 3167
87 3428
1174 10673 15282 14042 24079 3989 27589 11909 3080 8358
1396 14157 6014
870 28389
1887 2758 15271 14717
78 25122 9459 21936 15394 11418 12356 7586 9811 16776 2758 1206 5674 9157
1507 5044
1542 11938
677 29001
992 17357
827 535 1550
430 9545
1151 5587
1772 25122
1877 10637 29223 29316 20320 10866 28751 17288 4586 15888 2868 30105 12975 13615 559 4406 1383 2724 6513 11491 18681 21546 13268 24400
1449 4374
2065 27544 19976 16489
1111 29614
2081 10014 26317 1255 24544
111 4710
1137 25897 19405
1703 2634
932 10971 11181 14950 24424 6572 218 17682 11687 13464
1587 24368
923 526
781 17645 21736 1854 25245
2089 2112
1523 18811 14906
1422 3136
836 19585 20782
412 13512
599 3566
1537 1850 21934 1295
480 25794
1314 4731
575 5553
175 24503
1795 13116 28950 13186
453 9447
624 27036 11518 22090
577 21415
605 27036 24821
1470 7994
253 17727
312 18787
948 15387 14735 26441 24321 5031 24498
1530 24634
196 24261
663 16735 29810
1206 22074
86 13523
1421 7421
2 7301 18448
1278 13493 562 29889
1679 15895 7308
6 29999 15282 18176 16575 25375 3989 5603 5811 15141 20832
1952 5026
508 4056
334 23293
1060 17720 20255 26931 11106
623 16814 21926 12230 5313 20794
1710 8135
1424 7781
198 17685 19655 24348 18046
236 162
1256 5263
1000 9831 12194 2399 13373 28441 20187 7417 17878 15201 4394 13328 10627 16068 9821 11962 28390 2376 26635
1273 16129 23656
1015 17965
1654 12767 15207
1829 15135
725 24312
2141 24444
259 19068 19690
925 27278 3396
219 13765
21 1404
1020 29460
1837 21562 2485
2134 716
1323 14853 847 15443
1391 14962
1155 8482 17051 12039 12366 10048 25105 20088 1419 16614 6958 6959 29626 29074 5269 29799 3527 10183 6164 4807 23157 806 23514 5590 18572 8498 10256 27524 2705 29186 23161 9712 23103 5332 25004 26927 3518 26444 22743 9584 3277 18663 4794 26614 1278
1141 9842
666 9830
2096 1694 2935
1878 27782
1894 27563
1226 26157
964 13442
278 4606 10586
1572 6088 29121
721 24545
1735 17483
17 14503
1880 15257
1390 29611 9602 20088 25818 28889 17154 21770 21722
1366 25558
1369 9741
1918 279 24701 22922 3125 23350 14911 22170 26546 27715 2884 27718 17003 15399 3373
1875 20360
1258 28469 8159
1539 19330
1736 3951
1941 4105
1270 27412 21307 853 24262 9583 16809 21062 7335 18389 2000 27077 18842
810 6250
1214 5202 19827
369 15666 4121
851 4083
778 25824 5661 11717
487 6159 21521
1755 5849 10120 25788 4295 24225 18503 28787 14497 3610 17826 12396 5550 24832
1599 2293 28874
313 17341
1884 16437 2444
1011 24708
361 13352
597 9921
527 18247
1824 25766
462 14650
1136 22518 24317
1541 11216
552 19757 2724 11861
245 16873
303 15147
614 20001 22790 11257 27408 15767 6132 21068 29735
793 24498
28 26036 27768 368
482 182
2137 20766 21653 16556 1931 13498
1008 12966
254 23080 2705 7450
1827 24924
247 23174 27781 18330
746 7842
853 16428 15959 7381 13474 23380 28396 28807 27167
159 12445 14860 18216 11705 1406 2824 11181 20763 493 20908 2858
1514 12541 968 1266
936 17970
1025 10757
2157 23008
338 12813
98 16192
1711 14866 16600
348 27264
579 21068 27408 6132 22790
596 4511 1675 25506 1383 1834 26247 10459 17754 24889 5319 7628 20278 24996 19595 20789 19844
2025 8094 13992
1078 13765
701 6791 23047
1796 4345 8057
2067 27720
1515 1874 1009
1321 21667
1528 661
1856 8729
874 5801
674 15387 18604
1320 11643 27408
651 2386
466 28626
917 12731 15774 19679 20826 8303
449 8344
1903 7313
1358 8480
1967 10868 15044
726 21 3524 27520 2517
287 20697
788 14294
48 3535
1861 16953 7268 25031 11400
158 6672 25004 18358 28099 16849 11491 18464 9056 23275 1874 3342 20146 6829 13523 1907 25508 16924 22432 10425 16537 24853 3584 10461 11047 2735 1383 25791 18463 12079 16133 26571 16995 16159 6261 13516 22647 29833 1446 15230 3898 28411 12756 17898 2378 30029 4492 22976 6902 13592 274 27937 24866 5486 4526 12545 2777 29468 2112 3980 4124 1541 22095 5136 18426
423 24015 6023
421 12342 26582 16240 3523 26444 8706 2325 27539
1058 23491 23333 26684 11162 2668 23394 25336 8602
394 1980 20238 9845 21672 421 15584 10998 14571 28716 3766
940 2858 1406 1670 10522 11181
1479 27036
1144 19336
92 10837
1229 8126 15440 16478
47 9038
2010 12677 10822
696 6603
416 20705 4778
130 11663
1185 11236
708 17682 7476 18538
1623 29115
389 4051 6666
377 8351 17898
822 20360 24999 7988 7508 5750 9842 20054 18732 24740 12546 13396 28246 8730 409 1198 11713 26572
354 18877
1923 21772 9745
1768 19279
2170 8566
2036 25508
1135 16849 16031
1615 20482 11253 6612 26241 4503 16864 4952 28394 1066 21313 27010 13682
1873 26811 7119 8240
1974 7586 4002
2006 19127
444 28653 17394 28367 29087 25211 1406 23904
296 4632
1808 29138 15933 8372
1006 14847 10681
248 27930 8149
2066 10415
1743 3803 26718
1046 20961
460 18599 21615 24597
2046 10549
735 20860 10917
1207 600 15998 7969 9452 16567 17356 12331 8286 21499 22975 19589 20916 29917 21882 29198 24883 11436 8968 6643 6518 14167 11491 4248 1383 21532 27118 14952 25558 7956 7450 21615 13113 4103 14521 11431 5630 14163 20943 9604 29676 11388 19961 20875 9799
1427 6206 10589 9622
2082 10999 18476 28832
805 21113
910 7659
998 29476 28151
1522 21772
1713 20962
1980 24580 19586 23874 14547 25818 11585 9766 10684 28147 21221 21546 22285 10338 1383 19968 26656 26762 7588 20456 6222 4317 21220 10549 20519 15689 17129 28252 11258 20427 20695 17809 22380 18120 5054 3893 64
1777 8318
930 6572
2143 20495
972 24155
1215 21565
1033 10417 15257
1315 10560 8319 25818 8875 5982 11634 13516 23063 8864 9787 10373 11483 24290 19586 851 19327 16949
488 2758
814 6158
560 21191 7762 27773
1204 17865 21637
1348 18016 27056 29672
383 16189
2098 461
559 27096
2171 8160
795 20893
293 11733
2107 23388
993 22019
1543 532 13043
1355 20826 16644 16998 28723
1301 13448
1773 12502
2138 11430
95 23228 6175
1104 7962
189 24453
1012 28731
1199 14099
1712 2112 20679
2115 15454 16812 25538
1911 14437
688 11922
665 9579
1508 29601 18358 24311 10848 22797
392 17200 14784
1558 12781
2000 17526 8729
2126 18204 9338 15286
1090 4952
2099 9589 14487 27210 14963 6480
921 4302
314 12882
904 1142
364 18212 23628
1403 22565
1697 22114 9414
251 17551
1055 18736
301 15001 18115 3892 1929
626 27549
128 12783 25886 10141 21579 6424 26572 1111 25299 586 26129 701 5054 24145 19370 10354 18590 18552 9760 20875 18655 28168 27037 19895 24352 21980 17575 9080 20390 4682 1538 21674 28934 28626 7354 1383 20555 4760 10217 1724 28277 9617 75 10608 28510 20240 949
676 20165 3769
2086 19878 27703
1956 25900
1224 26930 21641 9523
887 6137
1100 28306
1262 5136
8 8426
1439 25351
1230 4285 10738
1075 6292 7184 23803 6253 25818 3671 29002 3463 1675 25423 23667 28517
1892 17636 13614 13756 25004 8729 19154 957 12304 5537 3387 1568 11473 23219 17793 9344 27947 24080 23063 19370 21983 3436 14585 28099 15475 11245 23275 10586 7432 29101 10983 12208 21389 10719 2030 3575 17556 24498
1462 29958
896 23285
752 17368
1693 6307
2093 553
1753 15553 20181 11755 14621 12317
277 2952
1043 17051
240 21831
648 92 7462
1715 16219 12057 4614 29931 9299 7933 16016 25492 18691 25585 27466 11227 6187 12633 10654 25562 21770 5508 20825 28510 18588 18102 22860 569
1091 12218 12819 985 11400 23431 2609 17981 27334 7588 9716 20497 10285 1176 17918 2726 25818 2398 29480 14585 122 17237 28705 5133 10555 18947 13489 14218 5310 11286 17639 15468 10254 23808 22095 18642 29572 22867 17685 6480 5342 9477 2098 27391 7162 24595 13257 26504
1690 6169
620 27712 10650 26091 17787
709 27971 18508
1618 21776
182 11183
1364 15802
457 15660 5032 19466 29917 22521
1445 18044
298 2509 701
2133 22818
1636 3606
1481 12356 13005 12360
727 5747
1716 12633 21612
1241 22232
703 21664
1183 29410
903 24861
1764 28728 7584
653 8318 14507 10541
532 7958
1290 4880 26553
1048 21813
1440 205 17219 23704 4201 25635 17124 13159
1453 18901
1021 2344
380 24268
902 3330 8795
1164 25897 12954
1222 24685
1590 6159 11181 5862
264 21474 19878 18435 15143 12633 12719 24346 20730 26075 27603 16642 8140 22681 22494 22685 5433 17260 1851 24661 27407 13058 6850 25636 15990 4821 637 19083 5488 16048 9842 24492 29694 19465 3980 2654 6861 19501 16403 24236 472 5499 23514 21342 20715 27829 19147 27726 20183 2135 20390 19658 4451 1332 11403 3375 4376 8806 5836 5571 18741 8791 10654 10614 22465 1303 24001 7341 14747 28177 25725 27065 11491 20150 3409 13195 9760 4052 27333 19953 15224 968 4557 26262 4737 10352 1065 6527 4962 22049 28626 27709 15536 8505 20077 9070 19956 7916 9721 1190 6590 5042 28924 11791 1242 8547 4871 27139 19613 9302 29706 1711 20959 23618 5065 16165 27740 24117 27591 25883 17471 29187 18288 18106 30086 8427 17096 7588 957 28361 16983 24232 4050 996 5296 9805 1545 25521 16106 2278 25351 3434 11422 26987 1856 18578 11689 569 7450 1436 6662 9706 5986 25180 13202 4682 25111 27147 10809 5382 18769 7844 4288 15698 27077 4952 11047 20993 22061 27581 27704 17876 769 8130 1927 24068 681 502 18720 26 25148 29944 17569 14334 12340 12205 17599 18255 12699 1383 3011 27766 9963 1931 10396 18669 22835 24690 12024 9474 16645 14514 13233 8136 21696 10350 19892 30085 25392 15465 18077 12753 19312 22534 27446 19999 11247 26316 20497 27796 4425 22905 26899 335 10577 25393 14679 6409 26968 15771 9999 28778 15878 22985 8413 19149 23285 27672 17364 8684 24090 15172 19841 27623 6927 18124 27008 25571 6984 11720 15678 6009 15553 23549 1677 16 24477 26697 19341 13293 28181 6434 10455 22912 7992 10045 22662 2787 4997 6109 10123 28378 8701 7051 5630 6193 25671 13902 25897 26851 10627 1934 12453 30005 20649 2401 3407 29404 993 28216 6148 14399 18434 18483 29801 11330 5441 19283 14042 1245 25051 5337 8932 6298 18781 12332 20423 28756 4543 9176 6929 21675 26085 14760 17258 14764 25016 25085 22100 1319 22292 14105 3706 27012 20750 20381 29327 24020 11579 23063 15953 28658 3857 24769 7277 11036 1831 9119 9327 9231 5362 17384 13937 7077 29233 27897 8725 11118 5568 8200 11308 27595 8542 1013 3222 16177 12374 1406 4569 28111 4827 13783 27365 20860 18714 6746 11628 15250 2162 6918 17506 5923 26972 28421 10154 12989 5074 19487 11291 19306 927 2147 2254 27308 9344 21357 25850 12040 18129 3784 21023 10149 1628 22164 12832 26586 1936 13944 6432 17077 10394 9753 27722 18338 2625 11688 18170 20168 24965 5844 14990 18219 11419 23208 29692 25423 2155 5911 11006 6398 11530 24790 29777 14971 3795 16791 358 20482 6256 12063 5274 8320 3705 15382 14093 2827 18141 1834 13765 15793 22716 19001 11134 20917 27058 4674 18282 13741 12317 2704 695 6864 14294 20488 14322 5396 8721 14499 10048 12445 15173 13766 28731 7421 17833 2811 27781 6621 29931 17470 12151 16919 25961 11112 25172 28122 21501 24698 21532 5136 21853 22993 20031 27831 14660 26192 1451 7731 468 25622 25276 23920 5172 27929 12070 25230 26113 12183 17109 8232 22696 10886 22555 19615 11922 9068 13101 18715 13193 25141 9606 30060 26132 9746 13155 22189 26876 20961 22004 17081 8069 13779 166 7908 9581 15754 28016 18294 18645 17263 30083 22068
1312 2378 30029
2055 10617
502 20826 10663 28630 17779 14918
1867 27615 17937 1662 8053 29672 332 24577 12382 18073 27976 23036 11288 28862 4583 22441
1412 26504
96 15413
1039 15477
2030 23527
1689 20951 22719
1928 17141
1505 25292
1958 8493
1846 18761 27230 20612 19615
924 25897
370 2328
1677 1091
1243 27997 1717 27592
1386 8782
1178 4221
117 24794 1054 24460 20479 10869 22734 5775 205 13242 12921 26586 25646 27816 19985 25487 28626 6937 23796 13001 8707 11673 2150 7079 9053 9569 16229 27679 7402 3082 29511 29735 29260 28313 4314 24510
1836 18676
1054 6839 26783 18310 19321 9477 8043 4382 7984
1351 10310 8753
632 17368 29461
346 11087 8437 7937 25868 24861 27561 4780 908 3276 3166
51 23145
1784 19586 9731
740 4285
1393 19805 8753
1790 10245 5243 17547 23981
1101 5014 19309 13544 6162 15001 1782 21670 5833 2858
507 14711
2004 21114
994 26309
1781 730
2011 831
1411 5105
30 3692 9586 29994 13543 13307 22650 12600 4133 24823 15519 29492 15495 13024 28301
1669 9978
1895 26515
36 18632 10162 9608 20076 26681 3474
1333 9294
1834 18636
1357 18879 24337 4233 21849 10310 5121 1248 6742 15846 19504 2280 14577 12024 9713 13254 15468 12295 25647 8804 13058 8164 25147 26944 7853 21398 1383 28986 19972 12924 25452 14596 24498 25855 25560 3555 13592 8937 26166 922 16495 4593 4320 9338 12079 2018 7865 19323 21308 5269 29210 1251 11164 27603 23842 10369 20354 8136 24762 16867 5752 17801 20012 18358 4175 5716 24752 18457 9476 17913 26388 18256 23384 22292 12808 1928 10469 12833 26584 23635 21630 14008 16338 19452 11909 9166 4982 8866 2362 6590 19706 26023 17371 8550 15838 927 17580 16417 5827 9695 27321 11718 27423 14257 3167 14989 22463 28601 11388 750 13296 7342 4342 16080 12764 1446 17364 17068 17553 15279 22208 11837 4102 24352 6291 27141 28810 18082 9390 29564 13849 580 8542 22433 153 9821 12786 10125 22025 25170 29509 9316 1657 13958 9407 25774 16780 26452 23338 4221 10919 7230 10570 10408 17988 16727 7854 10693 16036 15611 24667 10627 14233 6463 28470 16074 13178 11245 4388 23800 27822 11355 18406 11872 993 4079 26973 25163 11940 2471 13212 7216 20527 13189 27435 12209 26912 9912 15465 319 29848 16618 27202 14866 29346 11270 4112 24545 28356 18724 21974 19762 25886 20103 7062 5428 13597 22609 12440 6822 2147 10517 1922 24733 25111 5037 9446 7162 25868 4200 13113 22221 20940 23174 12801 23290 8252 28321 9235 22993 20328 9041 16161 12695 1332 23184 4807 10474 21633 18390 20488 10971 7696 14369 2267 10139 21908 15827 587 16849 17096 4030 15633 17360 6338 25856 27505 22630 5181
776 21396
878 5872 11151
1733 11224
1929 25426
678 7116
939 5054 9943 27466
1057 23939 1018
1625 19271
2050 28660 29990
659 3808
550 16842
1257 2690
980 11532
280 18611
156 24217
547 6769 918 9600
1249 20218 13396 14674
1526 20718
1945 30034 7090 314 8276 4516 7642
680 20764
750 12774 24855
1859 25285
38 25066 26858
1992 10224 13195 21664 27921 520 25066 26858 20092 28578 25732 25319 20039 12284 5833 19214
949 10748
118 16557
441 25884 13784
2106 498 20954
1683 4306
1368 7841 28398
1458 29017
613 27217 23844
411 1250 9924
506 24092 25895
1640 22363
2008 8520
1434 21323
227 13657
588 28561
1571 27868 9950 15001 10377 8318
1413 16859 6516 851
1658 25766
965 14147
2001 6223 3868
2155 26559 3148 27955 8885 29929 29716 7335 9150
1040 8029
861 3800 5156 23917 13033 20569 16344 10174 10437 19052 24500 21490
1608 2563 7421 19343 28264 3928 24548 9644 1315 8885 9231 13690 10834 27373 3473 11052 6223 21335 6918 24107 24400 13787 14390 2858 1628 26165 20860 6398 2580 25775 10296 9589 3142 16753 13848 17106 3436 9805 11149 14507 24439 1538 28566 22734 24484 16520 24667 21450 14487 9061 14861 28685 7062 14679 29735 5806 3453 11618 26134 19504 25737 18312 19302 29161 24797 7588 28430 13436 20960 19333 21606 7852 22497 8035 5966 29678 23063 26716 1156 25692 11823 25152 6226 22173 1383 11253 1749 24610 21700 5333 28257 16886 14436 2990 27430 25343 22623 24889 7432 2065 27310 18685 7147 19870 23636 19558 12546 22429 22359 23533 23938 22049 9404 14323 17368 5991 5415 2398 25199 18743 17835 20978 24162 24460 16370 11282 18646 6169 24804 11400 11539 25571 27968 1169 16086 25668 20345 4913 2740 19002 18796 25117 9594 14134 663 16516 15656 2704 15774 25439 21351 218 5501 13242 22796 25004 21553 28417 16690 3481 28254 21636 26600 13807 4737 9986 15784 23820 8333 3866 23091 11797 28213 11436 15600 23452 8725 195 21530 12571 10678 10347 23285 11906
1354 21369 17502 6748 12048
720 14070
1947 4686
1602 24036 12105 18436 27759 24525
1622 8858
387 25620
1034 5947 9468 100
1634 9437
2094 25897 21993
418 23994 25408 7990
844 17505 20181
1695 26900 6692
1195 15636
438 23970
1938 28934 8872
1563 293
1415 4734
1402 23527
1498 23651 22838
1901 4132
517 24771
295 14031 2396 8318 11566 22340 25206 28441 758 14212 7915 7874 7877 9794 19642
1975 23734 13296
218 8713
1350 18855
1886 26502 3279 24075 15967 21700 316 21615 26254 20646 20321 27008 23914 2280 26366 8078 14677 949 4864 27959 7588 19369 18169 11522 4918 21752 24649 5269 26919 14906 18516 9922 27628 24856 15022 28450 20651 13140 9359 6686 23881 7009 22036 11889 24290 15205 29644 12056 1814 7047 4184 10630 3913 9451 4345 22734 19487 1114 12718 3363 6188 29831 28756 6487 2293 1944 1727 3811 13873 20025 26162 8376 4544 22955 15836 18604 7153 10227 3966 23360 7970 12088 19344 15066 4076 549
1757 26111 19603 13396 16592 9121 4612 26366 16636 9589 13839 2398 19950 1303 24350 8164 11291 3448 21232 8618 11738 10300 15522 4149 9267 16034 7129 14960 1190 29517 22459 3276 27474 14416 15056 5952 21615 24694 22095 12984 27139 11491 1771 29854 26829 21100 10556 6554 4253 18876
1629 14684 14414
1324 7424
1399 6850 27278 4651 24751 8804
1627 6409
1595 28946
2135 5387 23903
311 20035
886 7049 6727 8337
1394 16622 12487 29498 19525 21112 18862 15154 1968 10217 4122 17469 20390 1070 13523 3409 10128 15846 5266 8930 1383 23810 17821 20875 20433 13703 18184 3463 3459 14633 1176 5462 5269 28665 3106 5199 26297 1856 24907 22860 29404 15939 24733 5496 9760 19285 5156 23917 10174 24500 10437 1953 19215 11588 4029 19820 8057 6021 21108
1964 11377
2131 21943
2097 17123 29178 14683 21827 7503
1219 12943
49 5167 4482 2272 14726
1213 5336
1900 27781
1373 28235
252 8493 27618 8783 25897 29479
957 12347
1310 7789
2119 24973 13015 11741
1429 17237 13700
1476 15406
2022 17123 789 27375 23044 13194 26549 8649 11217 20429 3479 25155
1119 19339
1302 6223
2024 27219 17567 13431 10411
1145 21645
563 11325
214 25296
297 11143
966 11436 16902
783 2177 3892
1292 13334
2073 3721 14501
1655 19620
345 1429
1804 25146
27 13690 15976
1840 28635
2045 1492
1486 4482 23155
1896 26676
325 4547 14913
732 25939 15052
131 17136 13270 19898 10366 22962 20616 19199 13973 25860 5993 17994 23528 21469
40 1538 4220 6876 26166 26676 19426 1667 14048
1815 29542 24597
288 9999 2687
1802 15351
1379 10497 14684
1016 18184
59 25897
1010 8084
695 10789 4676
1019 6012 27173
402 7142 18642
420 26944
1339 4442
1596 17421
556 5624 11876
1785 403 13093 9967
1365 26536 18449 587
1378 15309
621 18696
1560 8333
1612 18474
310 13005
1723 1658
1659 15157
166 1697
691 3269
2043 22112
1271 1538
1839 7610
34 11015
1910 28314
880 3873
1503 28296 731 8738 20966
1546 13934
2085 3463 24632 614 19441 3239 4268 11522 20436 21659 25312 9079 27769 22734 2891 4760 2551 13523 7586 27092 23979 1383 1169 27704 25886 24456 26950 11469 3136 28237 276 29187 9785 11582 5942 23063 25077 4221 7663 17336 8581 19133 23478 5269 29006 8837 22911 5911 11571 20933 12374 23459 27011 8136
271 27872 17295
439 23029
2121 18310
1614 9459 28494
1028 8293
1906 13684
1454 6662
76 21509
802 13458
1635 8675
1188 24543 19851
232 27527
1081 5422 2978
892 27674 5111
2018 5793 5733 7703
1860 24117 22472
796 10198
775 28579 9642
612 21445
223 25384 9913 162 12183 1317 1603 1911 26152 13565 6449 19534 23663 15776 17235 13004 780 6444 6424 7177 14358 21997 19170 26163 12070 14695 4136 2284 22421 6230 22734 14821 4790 25897 10577
107 332
192 3781
1525 16086
1086 17526
388 22872
1650 29504
1092 19248 12024 26469 14323 11396 23577 1988 29481 23310 10808 15724 7478 10983 8637 12336 21110 2307 24329 9390 7450 14183 13563 11193 13579 24045 24216 21108 23674 3555 13961 11330 26366 22741 4890 14174 4447 9731 13937 17384 3474 9732 18275 29446 4345 13523 10300 28511 8482 9544 12095 1383 6132 16999 18090 10724 28510 1179 8774 16177 28577 12620 21584 14278 20551 7049 15121 3735 23268 16523 19257 473 10254 5001 14181 10469 2402 1510 29428 23579 7751 29395 8542 25261 5349 23285 5425 1858 9566 26023 8136 22556 18714
1217 19370 8318 14507
1068 6659
2122 10872 23449 23838
713 17061 30092 11220
1063 24100
2007 22623
122 24819
485 27163
1420 15282
1832 28306
1201 7628 22886 16004 3721 22597
856 23959
55 25033
589 1374
551 26900
1139 3555 3615 3200
634 27548
1709 23532
1419 3527
1767 1849
1524 8192
603 20311
829 3810 21266 17891 19621 12010
3 25424 27912
25 19985
1026 27634
1148 430
531 26130
869 3369 10608 8402
427 29402
1750 29260 28795
1317 9437
970 1562
23 19226
1122 12838
1437 29446
134 6650 12772 7629 14494
328 7241 25589
284 332
1118 26366
307 19615
1170 23424
2166 1383 6132 29050 18787 19525 29927 4499 25886 18152 25674 13441 29179 23165 18598 25000 21882 8745 15896 17068 16418 2907 12961 15428
2069 23955
435 12445 11401 9632 12837
440 5199
15 11113
1908 21042
649 2974
1610 7841
1237 18430
587 2281 13483 17878 23998 15846 12576 12737 8136
323 29187
767 8848
1961 14898
308 25868
1264 12470
119 8136 3721
1070 16445 6357
1885 25737
150 307
961 18687
141 8136
474 343
2156 661 20181
718 5746
897 24840 19940 24717 21901 17550 9321 22734 28099 17817 17401 29995 24830 6782 5360 6237 822 24414 8501 22716 16086 17271 5911 1383 5969 16976 23128 1538 14558 25891
1872 20551
375 6467
429 18113
199 16424
1029 22860 429
1428 9745 22146 17890
1620 5412 16919
1605 383
2070 11245
1970 2547
147 9650
2076 12884 15466 22669
2172 7642
77 6782 5360 24830 13757
1637 18641 26092 12653
357 3173
754 21254 26279
1917 17237
543 21345
557 10606 29174
529 21660
333 21936
1647 27116 9635 24093 24695 18255 1538 17395 8908 10092 24006 8707 21584 7034 624 20034 3087 3624 20782 14429 5379 2286 13492 3325 13237 28243 21132 25625 1383 11776 25791 29801 10338 4252 179 13690 20488 27931 19953 16117 6338 15371 25886 17374 28311 24552 2808 5501 17364 5734 24345 19523 21382 1403 7825 4026 27981 7421 24685 23092 28626 7801 14042 26851 20949 23438 23556 1357 10384 5479 927 5630 8803 3530 4823 12568 2552 25508 25082 5210 7523 8326 8259 17096 1169 21122 14654 16575 15793 17259 23259 2741
1783 26006
67 1606
1603 28151
1127 16976 5969
866 23028
2034 455 21266
1196 13765 24881 23547 22623 5911 9499 28935 6398 25447 7031 6230
1235 29479
2142 28188 5267
1051 23478
1253 19649
1766 13160
549 28225
773 10755 10150
1389 26111 28386 1383 5644 4871 8562 20235 5055 7852 23644 24717 1702 1151 28796 15516 25996 22814
476 13736 25319
1113 6443 21513 527 333 7939
520 13481 25508 14012 17101 7630 14469 2068 4671 9390 430 8195 12849 12361 21460 8701 26111 8286 22398 1856 23808 9818 28712 4611 26366 8011 26166 26146 5267 22554 18685 23987 12079 14309 25104 20832 4892 25527 24070 8587 17025 7450 24690 11277 29984 4559 29088 18775 15618 6132 27475 19478 2929 28416 945 6035 9191 9862 11149 19370 4193 27960 29002 2262 4209 1332 30026 15243 19452 28548 3961 15257 30079 22146 11680 9807 1119 3094 10641 12332 7841 19809 1689 12921 18691 20969 11534 14531 20285 7421 24205 28826 26118 7709 16995 4115 2157 22558 28237 13754 28577 12951 24478 4737 26374 24762 8136 926 1383 6222 20952 14842 12494 23452 9176 353 9224 8111 11334 22410 5630 9453 11036 27954 18443 385 19971 5764 15949
52 16382 22525
101 7049
1666 7263
772 17811 3724 26006 29595
1294 29614
697 29316 6094
362 10873
931 24221
1345 18841
258 20170 20104 5304 3101 25584 16218
1924 14712 22159
642 26377 18814 1367 9048
523 12710
1173 22183
1852 23527 13731 13979
929 18275
241 9741
446 9112 10556 20641 15564 10347 10678 28890 1383 27501 17557 12296 16973 24230 25005
1969 2834 2319
1132 11920
1076 27825
1561 6879 6681 26456
941 10430 23125 17464
835 24012 15494
566 15139
1446 24667
1987 14901 2243 2281 13483 13230
839 10921
968 25897
2169 23808 23452 20298 540
1820 24792 8440 5409 21063 24413 12497 8813
1473 25991 13523 5028 5835 25178 2974 19586 13858
270 14471
1883 20555
1297 19585
2173 26347 27632
358 5167
1817 23959 8288
1738 20793 23806 20855 12090 5469 13683 18531 16831 8376 21894 3425 2180 23712 1383 6315 2605 3080 24762 8136 1080 10284 11665 4666 10617 27623 28665 22605 13541 11738 18823 124 14752 24582 10699 23687 12379 21207 3900 26031 11317 4774 20217 8194 1756 9008 2589 16924 12865 8797 6132 7163 7856 26203 29050 27176 27303 27289 27328 14681 11251 29864 11184 9920 17709 18651 18358 2747 3463 7783 9589 17678 19452 23832 13638 17188 21528 4864 23285 18274 19361 12749 3289 20253 27761 12513 20794 24874 15507 21989 17649 19586 13689 11876 27771 29649 29130
1725 19696
686 29454
744 14507
221 29658
1665 2545 14142
378 25897
1337 6595 17597 25066 26858 14323 8917 15416 5747 4309 23327 7928 1641 1508 11420 14130 649 25392 25348 2851 24158 24690 71 22895 21112 3245 5557 18361 17974 6419 8263 7077 27226 6303 11442 7357 21151 20869
1448 20087 6542 11452 7987 6014 14936 29691 14157
1598 16495 24660
397 28809 17835 10204 6856
2095 21124
1564 12608
1231 28534
2146 99 10641 3819 25883
745 8174 15172
496 4689
1138 20393 2378 4268 7297
1868 13218 1251 22074
739 16701
1336 12921 2281 13483 3353 24752 9120 5914 15846 12381 2121 12363 13496 24783 4690 17878 9695 19602 15448 16956 6874 7310 11962 16267 23055 15201 2539 21541 20917 23579 20719 20687 27505 22093 8186 16487
2002 27147
306 8777 20331
115 6223 1752
894 12441
1233 27049 22657 10669 9304 4408
1027 27458 8493 12959
157 8515
1521 24409 14119
1990 2243 2281 19791 11683 5410 3219 6230 25939 12380
165 9999 7227 11051 17811
1495 11716
1074 17195
1266 13409 16727
738 29601 23475 3819 29523
1221 8831
302 14925
1949 6324 29043
1352 6035
229 15623
406 14613
611 14943 2674
404 13099
279 8086
731 877
1250 22254
124 8440 21066 7732 22553
1307 25261
2109 27030
951 8075
2136 2195
1069 27766
1930 22577 14704 3408 25158 4102 6922 18246 28705 21640 18870 7117 18011 287 25078 4537 853 25508 26084 22398 26018 19353 2380 8777 1383 22860 1160 29844
990 8628 10382
1210 498
100 8428 6572 29276
1684 2566
1905 6278 12813 28693 15933
1038 24113 883
1287 25897 5060 25720 17812 24899 13901 13391 23315 1744 22728 12614 416 3250 3270 17342 20331 26304 10815 18614 18458 20480
1632 17181 5932 23763
671 17117
432 17963 7945
341 3118
1998 8136
967 8626 2355
1754 933
2088 1521 19260 13412 8200
1904 6510 19886
1657 10809
319 18841
652 2195 6301 11680
855 22749
142 20159
1041 16185
50 30026
1639 358
1284 21409 20122
1819 5764
522 12070
161 27206
2068 5060 79
1742 4887
946 25832 24863
555 5436 19622 29727
2031 24861
1143 14353 11075
570 24756
1316 1928
1912 18463 8337
1588 22930
1371 10641
828 14114
1642 9492 20826
749 8136
2005 24762
1387 29260
533 21851 12792
1329 22709
654 19649 23805 17727
962 25897
464 20117
282 26111
171 27012
395 15418
463 16682 416
129 9276
1583 8136 13233
1847 16714
510 12565
1996 10606
1347 11271
1776 23360
2160 247 5854
1826 25079
176 7940
339 14785 22880 25657
56 10564 9947
9 6631
641 30061
1633 16193
524 18018 16283
574 1696 28563
1780 21650
1457 24402
381 12743
355 20051 15598
1573 3240
110 25561 8136 16279 1015 24762
1626 21613 27205 18917 9035 4440
1648 8833
1356 19396 17179
1088 13920
792 10412 9139 29066 3367 15815
1797 27915
2129 6969 5379 7080 1303 6066 5405 5743 59 8618 21795 24337 1980 3624 7674 1965 25988 2195 573 17068 25939 12838 18535 10468 11263 9176 22248 7719 1158 4792 995 26115 16597 6459 13452 1383 4682 29601 3363 13166 19270 20240 26516 27232 29735
743 14982
871 25490
1578 8136
996 14327 21718 27686
211 10897 27375 0 1148 17623 9834
809 25897 15298
1557 26481
580 7924
635 4373 8071
400 4039
1798 24762
1898 5362
1330 12452 24660
2084 4945
865 4007
1149 8136
1181 30067
1140 5146 20936
981 25897 6204
791 8136
1869 11246
1001 29201
1756 6950 21772 261 17878 26373 2281 13230 14901 13483 7168
1978 25405 29636 8136 10128 23093 1383 29794 962 29446 92 28777 24762 15531 4952 24039 28748 14514 25447 18358 18405 15967 20959 20354 30004 17836 13175 7068 842 16436 3595 9373 29867 18275 4805 6894 11821 26365 29886 19834 30102 7992 8839 29827 1640 15256 6153 3028 26586 2162 8964 3800 21138 3888 15846 927 8472 19611 10477 19343 10494 3498 1718 6484 320 26860 23260 13919 5230 20181 27817 20211 24707 13153 2402 24477 14622 2043 14628 6180 13503 11620 23541 5545 22585 28719 21101 5630 10396 5531 19297 17945 17825 11303 26972 16783 10314 9256 6076 29187 2299 3100 18082 4078 8403 26203 7918 27595 27726 11676 17680 7852 28247 26111 30026 9579 247 12079 27699 17142 11343 10147 14496 21750 23137 22443
2165 29054 19119
1177 14950
801 2153
1937 18308 15797
44 4039
1376 8136
1831 12479 5222
618 25897 1254
1493 29136
1208 7328 22647 13836 24515 9176 8233 15797
1547 25897
1160 10103
2020 30020
728 16165
250 8218 5495 2902
2132 29533 30015 5519 17519
1662 6173
846 8136
1619 2688
69 8136
1763 9558 24486 10462 22633 7586 20244
1265 5269 27609 25849 7051 13313 6850 3498 24144 15022 9999 27012 21467 3185
71 9910
513 21118
1384 14924 29342
736 29933
112 1406 27692
75 25478
495 11423
160 26909
148 6458
867 24869 20298
682 25732
711 9156
1668 27000
859 8720 13966 15899
20 27103 15319
491 16265
818 2281 13230 14901
1162 10380 17103
1484 16496
409 23959
19 18743 23373
1591 3703
428 14531 11534 11388
1036 4757 4478
16 15716 27446
1052 4388
1153 16600
2151 19807 14977
539 11415
2105 24762 8136 2157 24393 29023 1070 12568 21583 15793 12889 17625 247 927
179 9174 7804 4858 13636
630 2850
873 21342 9289
138 20229
899 8136
72 17635
2162 14832
2026 22116
1562 8870 21476
2118 25897 16189 24588 23794 3143
1660 10048 9103
1982 22327 25727
644 10048
883 29827
1700 21027
1734 3158
995 19602
1452 2421 22003 9516 17625 13565 927 23808 25708 6438 6242 27709 11427 3948 25231 25072 12079 24762
368 17274 4235
1800 12861
73 1899 3517 10166 20603
1741 15065
956 16954 15370 4069
2049 1894 13633
1567 4163
1833 4317
1585 3055 28143
1851 21080
193 15454
2140 26004
759 4933 8097 27619 27015
426 20384
535 14142
658 16 8136 15425 24762 6567 28398 19479
1584 18275
1346 26975
39 19895 27037 18655
37 18212 29835 15677
1927 3253
436 9616
2127 8781
79 25897 24507 635 3106
1981 7208
1332 14325
11 26571
1059 14845
217 21165
820 6168 25862
1559 15363
1844 19083 9895
1997 13344
1601 7277
197 11006 3520 877 24279
722 10772 13275
1115 11375 5165 26971
1116 9682
177 2777 13019
2060 8581
1441 9040
1607 27377
2013 18814 500 9048 18017 12461 2003 4072
1212 26263
1146 11892 11243 29410 4771 25622 13523 1433
320 26741
1986 29701
1617 25066 28550 26858
2147 3107
1577 4362 19494
707 24762
1117 13441
1288 11683 7446
997 6603
987 17722
2037 6162 9437
1280 12852 25592
1268 27959 5098 27940 28250 20876 7626 2772 22681 11143 20993 10627 3706 9762 8192 16688 721 12262 23488 18725 17567 8782 19467 25329 1443 4592 9338
1169 24762
1863 28491
425 6607 21637 16156
1045 11344
763 23260 18957 1366 16995 17446 2368
1344 13523
656 25070
537 15116
637 6929
1469 21203 14068
920 30026
1275 25897 12650 24899 416 18458 24185
1002 333
879 25766
974 4674
765 19452 22280 21175 13967 5994 432 8301 1383 22623 16087 24272 27042
2017 5667
1030 26943
1687 24762
1963 18131 19720 16013 6052 24711 11477 6254
1326 13344 20702
120 29267 14718 2246
1353 24874 12513 20794
1423 12769 21410 24430 18068 5256 16856 20912 3863 5315
1985 25910 11415 1768
452 5553 14759
408 27437
170 323
719 5135
1184 3757 24477 23110
1538 19586
1582 5060 25897 4159
422 25066
1645 25897
1319 3286
473 8136
1518 8136
299 9192 18055
944 19368
478 26366
1926 29397 10740 3345 24740 19452 5578 12624 26572 18235 4983 17567 20354 25886 2171 13591 1505 26851 20959 28162 21696 20670 3814 4494 13015 15585 23564 12565 354 26166 16621 4459 547 25643 9910 27703 6007 23116 11694 29887 18507 179 28832 7367 20129 19586 11066 16102 29438 11551 24017 12603 30103 1383 16636 20939 21612 8057 17263 1827 21553 25381 29743 3061 25909 29765 6525 687 8695 5396 13396 11922 21291 8136 21818 5583 14622 17818 17814 6526 14983 2010 17405 22385 22488 3670 21725 3806 7430 7204 19201 10627 29445 9256 5460 25541 23233 27966 4741 23943 14546 6527 17700 12568 21966 10338 9027 28106 23644 19543 25104 8388 437 26670 21450 17943 16990 18122 18952 2160 263 8955 5096 10515 9515 5880 1394 15703 8844 293 4760 5451 9705 22894 20356 21243 25597 114 25043 20267 25004 12194 3078 27336 15063 6295 3245 9716 8701 28999 11962 3905 16297 4293 8495 976 18400 23489 15337 9505 27157 3793 20651 7633 1568 27307 29284 28574 28731 20103 11142 3046 8090 1670 18030 22008 21175 22585 3479 24506 12394 2335 29101
216 24473 25625 28706 61
180 4920
1291 12568
195 29976 12436
1950 6413
489 16362 28045
4 9842
1761 16676 29228
730 19822 2858
5 15700
1425 20006 18839 48 20142 3497 12017 15928 9608 27819 27985 1861 19185 20266 22738
1004 4207 3339
895 28831
857 8136
515 5307 4637 12460 26 4649
1013 29374
860 6053 24762
1126 6877
1888 6195 7899 25484 5926
1067 26628
1739 29080
1342 9543 16902
2061 8776 24321 124
57 8202
490 22461 2914 15173 25152 5771 1628 16368
1661 8136
1277 25897
705 22862 4940 16077
979 22036
1706 24762
1489 25897 1671
639 9910
374 5116 23165
843 22919
324 8568 8678 18531 27387 993 22287 23135 20711 14192 15114 12430 24138 8955
1649 18275
842 29614
1890 1477
784 15585 13015 23564 4494
1147 25336
516 12278 7192 3578 24611 3948 7884 11504 28003 21499 23022 9399 9589 16 2473 2476 19302 22288 16626 11620 8136 24762 15430 22489 18974 20012 6398 8701 3683 16921 8319 16250 22313 28565 26366 28079 20136 23061 4388 12698 2704 8938 7813 525 21357 13560 9322 12298 5367 19253 25506 12332 16034 17258 2070 17854 24495 5142 27023 10460 9108
1843 2842
1511 3027
803 13347
1879 5701 19676
2057 29345
1788 11364 24012
528 13862 13074
1818 24762
376 15624 20807
1674 10773
1431 14041
1433 19599
826 1507 249 24437 14115 23100
1759 13741
498 9638
445 20661 10661 28657
1338 25382 12021
494 13348
978 7360
413 21700
1267 4786
1494 20171
1318 28496
986 5999 26358
1775 25939
493 22326 13208
762 25607 29008 19736 20331 24168 25461
1993 8136
540 28092
1281 18788
228 21034
497 8136 24762
2014 27201 23333
350 24771 4778 23423 14217 5337 13523 27682 20894 9829
1341 29095
136 6191
1405 15442
650 24751
1179 11502
1651 9976
393 3632 11571
1519 21475 28626
647 21187
1303 20181
1907 335
2125 17404 28550 20194 17963
210 9013 23202
541 2298
126 12505
683 19452 8136
741 8136 8535 28812
163 29614
673 9934 27102 22611 27431 11248 18099 29656 2557 11940 28468 9930 30026 17697 5786 19370 24346 13765 24957 9078 20824 17810 28587 2969 7353 16851 18725 14028 9589 3539 25163 20036 22807 16717 12332 2157 20165 687 10809 14930 24357 8201 9261 12427 21015 25437 11427 12079 957 25529 27139 6793 5444 28381 21612 18409 7474 24305 594 8386 15956 1169 11823 18222 12342 15242 23286 23271 19244 28543 2147 1383 15953 11492 12706 29187 18332 22130 18833 7553 6083 5938 20072 26942
712 20192
831 23467 14275 5553 1944 26366 13741 1538 28635 24717 29359 9589 14812 24838 1359 7530 855 1505 26734 14930 24263 29388
458 13881 7360 27889 27523
938 22550 10991 9805
606 17612
209 26033
609 28986
1447 23175
943 5043 2836 12848
564 14679
2033 28690
471 24588 25271 1528
710 27278 11002 16253
669 8931
1438 14665
174 30017 10971 4013 28943 19436 29809
1289 17526 11006 25485
451 19181
615 16877 2408 13528
1313 25897
169 19585
1823 21655 1346
1552 25337 28413
2077 26571 1346
2108 2378
415 877
1274 19399
64 25897 23315 18365
1792 7328
1223 2780
127 20177
582 10356 21851
1534 1399
608 12568
94 10608
942 16312 5936
202 15282 25939 13765
1722 10512
93 15282
1991 21725
1435 17943
164 3685 661
391 20928 3996
913 27084
1380 15730
168 6738 4271
509 5155
1248 25897 24507 16189 5060 11978 973
1509 16062
819 8646
1667 23004
1853 4187
1084 2655
181 25897
1142 29614 24545 28333
62 25337 12532
1749 21614
645 28255
505 7546
545 4482 17891 14628 9315
1801 11753
1874 18219 3711
186 10026 20826 20934
18 12288 9082
265 23842 17668
1812 11240
782 24463 22734
2164 23340 25589
881 25903
1007 23049
133 14895
260 1383
764 24881
715 18527 10338 7841 25450 21396 6132 20967 9229 27069 22571 15317 20466 9390 1383 20671 26039 18099 15497 23063 360 23956 12688 19586 16297 1138 16518 16497 6926 25316 27805 30039 20460 7997 29361 23885 7758 20026 7072 23110 17591 16047 22110 14036 22056 9279 2660 5879 19724 7672 10421 19820 8213 30026 15772 11919 8358 29594 9933 22754 29818 18402 23484 7628 8087 1786 4569 20347 3086 5030 18714 28217 29446 24336 22188 2724 11469 10758 26950 15394 22338 26847 25652 20488 1050 16013 26851 10396 17028 21451 5389 25634 1584 15001 17567 23747 20226 8403 15506 3095 15010 15976 21612 2293 3425 14537 17802 10642 5269 17280 13193 8942 16161 23768 3529 24170 29918 17400 20997 16776 27008 20985 125 28597 12132 10320 15042 11224 8377 27489 10627 10026 11633 19452 19283 14744 10087 2221 12869 926 12259 9589 14899 12370 24767 18937 5697 818 14507 13315 15638 13926 16778 25891 8555 7335 6766 6484 6398 11476 2424 25369 11667 23644 22724 7550 25111 15694 23832 3144 9166 29061 24242 19670 10855 29409 5441 2189 7538 20036 7663 21576 15954 19886 18516 7248 23009 15893 265 28604 18767 22377 29904 15793 17096 5400 23787 1070 8619 10606 20143 12892 25447 703 432 3881 13331 11927 9930 14462 1462 13530 23079 7926 10151 26633 13565 14972 380 18231 3671 5449 14609 7128 14257 2631 15008 29088 28394 6818 12646 21940 25168 29314 29601 29599 25645 3750 17263 14961 22421 18275 16594 20698 8613 19661 9741 25897 5588 3918 27505 742 4515 10577 11287 25693 26656 4853 4646 16835 6223 8166 16262 778 19660 20555 10693 20229 2111 11799 16717 24252 22524 27906 29998 17753 26926 20434 21965 19839 775 25226 3204 12473 5249 2496 23985 24060 1980 20693 28822 7790 17271 25231 9152 7042 23751 92 12556 14305 9982 4867 21138 23574 22335 11067 4795 7621 11163 20934 11483 28458 3014 14581 1588 1726 28155 20192 18866
1120 16229
2139 1863 29740 29948
1747 13092
602 15241 28721
689 16942 10895 16466 26483 27452 28681 29242 20244
761 29261 11004 15953 18276 15430 2704 17129 23163 1552 8136 24846 21749 13642 18725 18324 15793 14225 8500 10144 16518 12070 9499 3603 8437 1600 5249 13577 1039 21237 16189
1570 16451 8713 26450 6131 3242
1397 11364 24311
1857 15448 22160
35 14595 17881
292 9741
2111 12231 15793 26188 5269 25897 12846 11355 30026 8777 12471 3152 501 6376 8211 9086 12505
2032 8136
81 11439
1685 23336 3036 22050
586 25897
999 5622 24067
356 22405
114 21501
906 830
935 29635
542 25565
1077 19241
1485 12753 10869 2385
2039 17277
1377 2801
700 7263
483 18645
1306 29614 8239
1492 18904 28577 4864 4442 3925 6782 25891 23496 20865 1971
154 15863 9941 10071 10505 5402
1822 10787
1865 18745
875 5752
1073 6856 2527 13523
2058 21612
1708 4888
655 29090 30056 15589 6849 20884
1334 20764
269 16495 21518
1782 25897
1309 11359 8318 19370
1383 22765
1050 8507
900 5060 8493
1805 18919
442 13523
1962 26676 15523
1972 19359
890 8380
443 18063 4520 22672 4556 3978
224 22012
877 25111 19718
1460 18818
1959 23678 10048
1893 22562
183 27249
447 27061
969 8962
1286 9658
1786 5274
1616 27636
140 11940
2110 10421
670 24119 27927
1889 20992
1037 3544 25337
332 13765
1442 17022 10593
595 29152
1474 5075
267 8444 28979 26176 29897
699 16602 22011
2056 19860 27804
2078 425
1544 27623 587 13563
1533 25897 416
353 30026 9928 17120 11475 7788 13146 515 24732 25822 18140 3404 19708 4166 20508 27491 1398 8866 1154 17223 5091 22269
300 25897 5060 18851 6544 11946 12947 1744 1671
868 8629
121 24323
785 20770
379 21384 5428 25557 16776 10977 4827
1106 1896
1022 11689 18463
797 801
1102 11296
845 12455
2075 24812 12255
2041 20006 14272 2786 25508
321 13091 6305 15915 17675 26051 13894 25243 11034 11748 27465 6310 29419 1159 29459 7066
629 5248
598 23763
1579 12554
424 9315
862 12342
238 19241 23163
268 1744
830 29564
534 18394 12455
1408 1905 14686
145 20649 19426 2798 17050 20298 7189 23139 25461
1056 4839 14142
191 7821 5974 28969 25077 25019 22170 8557 9589 29397 19434 1386 27706 18572 29802 12874 24242 11330 22702 4755 10627 17217 3869 3965 26085 20819
525 11724
1168 11097 11215 24737 13174 25148 19772 16844 8898 595 22973 29987 24359 12751 20241 11443
1512 16161
1810 22166
1409 1669
1770 10026
1191 24166 13510 4952 7937 8810 27601 26958 14532 22652
2092 6936
294 19643
1811 3253
343 26097 4308 28227
225 2173
1916 29340 8156
1921 22734
511 29054 19119
823 15117
640 3763 13071 25662
1613 2939 6245 15857 4186 26454 19312 13609 21396 1383 27940 10362 6246 3671 13510 22836 28355 16995 22170 8250
1931 19515
779 8761
1467 10627 30060
954 14836 16776 1662 11540 13024 5059 13023 3927 7687 22773
2063 1315
704 8713
807 25897
1624 3634
1698 15619 26183
1216 23982
1999 16837 4857
1897 16682 24899 12947 416
1468 24477
144 3167
212 12356 6071 20732
450 16682 12947 416
889 27580 20910 23705 9492 3925 7571
627 4404 16365
1198 22975
578 1747
787 19309 24637 28936 5116
1240 21492
885 19704
934 5526
1816 5842 1584 25117 12203 27903 18099 16368 3134 18630 28748 1793 24017 25694 616 13937 12298 5650 19780 22037 22860 21925 930 13517 23259 29404 22519 23285 11419 23208 7959 20959 11245 6054 19769 1383 14798 13019 21542
2048 11658 16044 28244 966 3573 3733
1053 29984
893 13306 11223 6461 7586 19426 11136 5630 25492 8057 9231 26725 8734 8137 772 21300 26987 20488 24035 24809 3395 12679 6398 13058 22361 19312 26287 5100 26085 29498 2572 7092 26619 3554 12837 14696 19452 6922 18111 4476 18408 16296 8885 29780 8557 11492 332 17368 23967 5645 14665 20223 18255 7959 10125 217 18913 29564 20911 26028 8019 19853 999 2350 25937 14695 26716 10627 16961 17312 25601 3732 7659 18219 1780 25761 824 12079 15352 19097 20642 1762 11353 16790 14810 29101 12751 28694 29097 20853 22653 7307 25158 17657 10372 15962 28448 16655 20875 26226 3944 12706 29546 27256 15798 19720 23514 17639 23092 25856 4964 11924 10217 2221 20767 11957 19030 19573 5071 27819 3722 18613 18330 8424 1542 13439 8341 15754 14221
1854 2775 13243 16776 10997
2021 13738
386 13496
789 25897
153 27597
757 26166
194 25897 27780 8493
1686 11746 25865 12860
1692 2182 23037
1152 11940 5620 17451
1017 6395 23481 12407
536 3375
2112 18267
806 1927
554 16167 7613
1328 4792
1971 6256 14110 6884
769 12812 6230 5285 9390 14013 7474 24477 6875 27505 28897 1354 1753 25737 21647 12194 11212 26851 10407 14223 3577 2023 8542 6455 20621 8665 5396 15776 1032 6156 27969 4575 5004 21595 20128 9748 17325 29187 9862 10963 4139 24082
774 22700
256 10616
1565 8156
61 23777 10772 3106 23155 416 20334 10600
1719 17547
365 8136
553 24660 14380
1005 30070
1276 7118
329 21542
1032 17570 24597 16776 16244 6308 10985 26483 28056 27235 891
832 13874 13113 19355 23360 4340
1272 16310
1704 2567
456 6659
1580 13741
1828 17963
985 425 29410 28550 5080 25066 2467 9729 21112 19244 10199 3405 11686 8567 4388 16049 1568 7248 8135 14183 14622 17816 26612 21700 17960 13170 26787 7079 29062 24668 16776 8715 17435 9022 8396 15282 8564 28416 25307 11429 1643 12070 20476 20279 27460 14792 8030
2116 25897
662 22292
1727 17144
104 14278
1417 1817
1758 308 24762 24483 24292 19801
151 22418
2027 6240
1948 10934
1432 29788 5582
824 2118
1548 1387 14217
32 20428 2177 24637
794 3012 9729
1251 16776
568 13441 14183
1765 7735
1105 11820 29136 14499 4562 7132 2861
2047 10292
1282 21421
1809 40
2009 8889
518 3395 19909
1925 481
289 25897 416 24544 14628
1973 13827 757 26446
1866 17451
1444 25523 24320
1581 18820
366 17465
953 24477
1400 9437
477 23247
1540 26928 4828 18134 22221 25293 26243 6065 26851 15657 12865 2633 16776 17185 12748 16815 14844 7659 279 27044 9414 12688 19704 5636 3040 5354 13354 24545 6528 26568 28189 3737 11385 27544 23513 4093 25940 15502 7408 24767 25641 868 15275 10675 11692 18467 8095 22414 15288 19560 18781 19318 13881 9795 6765 12640 10627 23832 24219 28623 4592 29499 6621 23326 1383 14792 30031 1510 5363 16531 11353 23942 29112 24441 2215 20012 17096 23061 25168 6021 5754 18358 18275 26589 5165 2082 2497 24462 23015 28184 10207 15416 20039 16041 11675 29806 6972 28416 25423 21426
1114 15172
1261 20894 4778 3638 14217
1737 19491
410 1782 11989
1225 18275
514 4125
1696 8412
470 16495 7768
371 27703
664 9496 23155
162 3010 21562 16752 8908
2150 19694
905 27969
1729 17319 15495 13543 29457 13563 16253 24823 6806 12688
262 27505
1134 16776 17421
945 13907 27537 9603
1232 9840
330 8618
1977 21512 18750 17302
304 3306
1459 2836
322 2219
2120 27357 7693
1416 6963
1771 14356
1455 27953
884 17759 23528 1501 17994
249 8136
401 29858
103 12445 1680 2858 13464 14616
337 1406 2858 29780
1835 28291
1018 28621 12721
672 16776 27257
567 10373
1707 15448
272 13974
1483 16932
1094 20565
1108 16776
1456 3573 6599 28534
190 16338
638 9863
628 6168 27819 27537
352 30026
811 5189
1362 29153
790 2996 2514 3580
1401 28269 17751
504 25897
813 3428 1406
1477 12203
437 7241 1406
1475 22292
1621 17220
1825 17954 8279 9586 16776
123 12679
1688 28565
1891 21071
1663 21670 10048 19183 24779
1003 18299
742 12015
2117 23235
274 28310
631 28398
687 9658 15198 14294 9980
858 16776
1935 364
919 2195
982 6926
2163 22960 10448 13436 7031 18219 27172 24545 13458 6230 10836 22287 12584 3222 727 11146 3512 6398 16412 25447 22924 25897 15709 16881 15878 12575 1382 26865 20598 7070 29175 19834 1193 14942 14678 14826 10364 2875 23262 1037 25823 26313 889 18152 20896 28577 11175 926 11926 12624 25922 10914 24945 19312 24007 10997 16776 25097 5774 23084 1356 16897 22377 14037 23092 5505 15651 4756 16972 27936
1864 21479
1299 20036 4952 24820
1061 14201 29380 30111 14183
723 8136 15793 4964 11957 11692
1096 10627
1388 1137
926 21617
1374 5642
1933 11414
1042 27689 14106 10845 18702 18437 23177
1490 10608
698 27231
1946 9380
1430 4 7949 14128 6736 10142 22254 18206 2317 432 11692 13892 5758 27302 18332 12540 23953 7031 10236 2582 10758 18467 23063 29479 28347 28722 15003 18047 1383 152 22839 4601 20476 12099 16497 24242 2816 25362 6270 13690 2250 4385 7610 28247 1191 8130 12570 4609 21711 16864 23664 5441 12869 19864 17963 2471 26469 26753 27262 1201 2543 25345 11837 2262 8987 1551
1748 15834 16946 1481
399 26515 20746
208 30003 19221
116 9634
581 5818 8944
1375 10394
500 9795 7086 16756
1325 2426 21315 10024
1404 7598 7556 3756
1097 3489 16338 24391
2103 7565
1252 635
1488 15776
26 14453 1457
290 29879
876 17982 18686 10610 19
1340 7386
1609 24562
266 24998
950 4435 19757 17007 16123 18814 18017 3663 8853 15478 18915 9450 15583
1158 8189
235 12847
610 11768
200 147 21343
152 14040 29896
1989 25508 12532
1283 9197
952 24176
601 6702
499 25746
0 19757
2100 21463 19107
335 21184
1202 2816
2154 15485 22446
273 17473 5971 670
1979 16776
24 25561
1464 27217
188 11744
2072 30026
1876 30000
1694 28177 7115 3573 15436 7598 6500 7031 22325 4760
1566 269
569 14183
373 8136
1372 3889
768 9303
1944 8136
367 1743 21463
347 16872
326 1398
31 12156
1510 13179
139 13467
1726 1707 11650 12395 986 8047
1881 15668 1894 8136
43 1678
434 4135
1597 17188
2128 13185
1200 2533
1150 14300 9303
213 25897 20706
888 22600
317 5187
2083 18957 12179 12440 23672 14133
914 1705
184 8502 5165 28053 14133
1803 5782
54 12284 23305
1451 3296
2016 4890
2159 4735
660 6132
1638 2385
2087 11259
281 23319
2158 18057
1426 8422 24618
1957 9498 20902
33 29713
472 1609 10642
561 21926 27761
41 27408
747 17465 14548 3573 28534 6599 4528 23033
771 14507 17816 22053 22061 23357 3892
1410 669
1234 8701 5911 14223 28416
1517 16206
1322 25939
1327 12646
105 11727
309 15282
1678 5851 28626 17419
1682 24692 30012 6599 9822 3286 2043 28897 12955 16123 25528 12483 8832
850 13205 11263 11098 27700
815 20979
1487 14486
1247 1457
2090 14654 23997
1172 25197
576 8216 23184 27788
1259 26861 11863
800 29934 1994 2611
2023 851 8470 29694 2616 16610
390 10421
149 1176 3201
83 17862
1793 27669 1012 3733 28534
1675 14227
786 2471
633 6727 3631 26283 2567 19431 5561 2241 26938 23735
132 1996
526 3754 23803
1095 26875 4029 20310
1531 17384
837 22485
486 9743
1807 8845 24358 874 16962
1062 25868
1228 28076 8200 25745 10210 242
1920 8136
1611 13352 8893
1110 13208
825 13882 16901 1065 9519
882 24242 3772 22414 19107
1044 21884 4903
45 14800
1491 15793
847 12236
1850 25840
1643 24660
1536 9392 13465 787 5364 20476 2621 2526
88 23664
360 26895
607 24109 11128 13508 16908
1506 22497
276 16402
1407 23959
65 23376
1569 23621
911 19698 29601 1568
1702 19427 391
1664 9973
955 20860
1953 13501
2167 12256
1165 9148
1239 18126
1211 15265
237 7208
1705 24762
1984 11059 136 1302
991 22958
385 12950 25479 6077 12622
1593 22724 13135 21178
178 3997 13760 11181 29939 23811 27035 6135 13766 35 3785 22340 3649 9946
912 8179
1497 748 16051
187 6043
1080 5562
927 27648 8801 15856
1193 17185
359 13283 27664 13933
922 25766
1109 12914
68 14870
833 24816
243 11160
1724 163
469 23602
1478 29305 10308
1124 15516
1009 8136
1098 25897
207 11414
1746 10698 21134 3219
63 4228
799 16607 13278 18918 1391 25117 21640 5249 19465 16492 16563 24945 25394 25342 12688 16776 13131 26788 12353 11824 1976 12839 22780 1409 3606 24660 14183 20223 2027 28390 17681 21030 15924 10324 1383 4747 18314 5095 29421 5003 10938 9732 1528 25790 17701 9751 21965 19370 14654 27190 10369 4555 12204 3800 29601 2099 6871 3 18467 1942 16467 3080 23260 7647 13504 2815 21808 8581 4159 14737 15729 18258 27797 16641 19576 10919 10284 20728 16161 25831 6448 18309 13295 1044 10676 7723 15754 15416 7067 16261 26253 9623 649 18597 12334 18187 27408 22718 30009 2202 1831
1604 20181
1112 15282 17073
1189 15282 3080
215 15282 8859 16628 30009 228
1672 15282 10354
679 28227 16056 24584
492 24012 27832
915 390
1360 28101
1180 8136
1343 8136
1295 416
1960 11372
1568 18520 14037 6662
1480 28309
1630 6950 25897
1300 25897 25720 6544 2233 23155 24899 27494 28347
1083 28053 8363
384 20722
590 8802
1556 16776
344 7235
1269 25856
1125 27132
1699 11059
758 24569
766 107 21384
1072 6195 3377 15712 5302
1311 16563 21908
1482 25897
1154 25897
1779 3800
1606 7768 24660 11922 2119
1676 12737
572 13921
261 6230 12380 19446 10030 14037 2331 20976 15260 28664
694 1178
2059 25897
1024 8136
1129 876
1128 16855
1194 11277 8006 12774
1502 10442
167 5323
661 18270
372 798 3476 618
1363 17816 27265
459 19312
1794 15833
172 8491
1087 1551
584 388 12565 21619
849 1123 23094 9652
756 22061 12445 11181 20250 5136 12267 12682 22453 29166 1618 16925 3785 25057
315 12688
592 19996
431 8136
1589 18098 2837
1065 25897
234 1148 28956 20064 11281 23436 12302 23349
109 8136
918 455 4196 9046
2130 4098
1932 12063
1939 25897 28347
2148 16885
1035 16002
1203 28565
1870 20419 20286 6664 16628
468 12737
448 6488 3879
600 24198
1909 21375
286 297 20845
1680 8458 19644 16902 27408
1381 13640
351 15628
2019 11922
984 416
1121 13064
1714 25897
1976 28362
1653 25897
1821 8136
760 14507
977 11785
1197 19361
1504 6280
1592 12688 29376
622 12079 23063
854 16051
331 13519
898 25561
1220 27623
465 13761 1998
1717 5008 28384 13410 18126 27523 16570 24727 3616 13458 17537
125 8136
173 688
1305 16776
1255 3539 20591 5754 14954 29697 25327 16074 8136 8491 20036 2289 6818
1954 21512
1205 22879 24894 23854
755 8491
1171 8136
1845 15754
108 28498
7 30026
753 10754
1769 10469
1936 8136
1718 11962 622
230 18461 28929
1691 28635
1899 28158
403 20240 26516 24444
1554 30066
716 30021 24846
135 17440 7470 9155 27478
13 19924
1450 25024
971 11761
58 8155
2123 3826 5205 5769 24349
594 9857 25238
1166 30016
275 18134
1732 10561 15101
