928 24741
84 8589 8570
1370 1667 26529 15622 25594 28889 16231 16965 23034 13754 20515 13881 29440 23539 19531 22292 14791 2724 817 26193 4816 11284 10768 12525 19599 12308 8637 4807 18358 1383 22966 9462 22247 23729 24036 18031 15793 19385 8665 17269 13908 9545 8376 28887 27102 16137 12016 15465 15536 28257 22291 16624 21614 19167 21722 15670 26461 9898 24179 20404 23863
2051 8978 12070 27505 3281 15364 29247 28941 7745 25661 4220 10514 2546 19452 19586 12880 25159 9433 4941 14932 26702 18263 28643
1652 15141 13959 29841 28499 25172 15553 9487 19068 11283
1192 29614 4155
1245 28394
1965 5016 11123
737 15533 20645 19613 5341 18800 26465 24381 18243 13941 15670 15840 3985 10233 11271 20630 1406 19741 23287 7690 12289 25355 614 11512 14507 24685 19370 19365 13048 6661 2787 13748 30105 12975 2271 11491 25276 8819 8044 27644 3934 15080 9415 19936 1499 3473 6976 18708 1434 8385 5158 20220 21304 4384 17483 13442 5661 11933 21977 10807 16578 25818 24022 26680 17186 10256 128 8875 6387 13202 3166 24454 22416 11301 25619 28601 5499 6039 5584 996 22593 24343 20371 23121 16102 13847 20130 12679 23855 12866 3046 3070
349 28627
2042 10946
1082 8492
571 20298 17116 293
1471 22539 12478
318 1425
668 27367 25000 18508 21529 18823 29093 5183 1170 9215 5136 27940 20961 8264 19949 7992 20142 11210 2402 19972 3583 24879 28758 18432 24983 9390 28314 22743 22548 18964 668 2809 8581 22280 16883 4530 13952 3701 1383 10338 26696 8726 26461 28058 3584 9007 16628 14917 21130 1564 11245 5957 5449 23958 2634 29372 5224 24498 27212 16921 11949 18396 27789 7540 20273 17483 25066 24464 15670 3092 10396 3473 16241 4374 29182 12086 13563 13523 18861 391 19427 13592 9465 23063 2704 8634 17369 16614 11889 10272 22988 24444 15080 14470 3600 24060 2112 14507 6378 5630 3764 26214 20943 18843 26322 6132 29046 13193 14424 13233 1943 19464 1629 954 21854 25671 18870 28356 10764 12079 6518 12247 13024 10192 19979 17659 8458 14430 24484 19370 21584 20959 27146 11458 19678 4705 16958 24548 1237 13396 1299 27894 8183 5339 3224 822 5216 14935 2473 18010 19426 1948 7239 13624 7736 11744 25571 1994 28422 23542 18873
1942 20375 2558 24545 15523 23206 12085
1064 26001 20697
327 11016
1545 20510
1550 1449
667 3793
1385 17400 4057 26642
82 10046 22414
1934 23747
85 21407
137 14068
113 16254
10 14701
454 24484
512 4837 27152 4172
1968 28859
717 6159
2080 21544 803
724 4374
1922 23802
812 30105
1501 25695
1103 27643 1383 28777 23504 28626 24712 19228 2247 10207 19857 15670 21559 15793 2332
283 13023 184 9203 6590 17408 19155 10973 23478 6247 7827 12386 21938 1520 6453 1112 7691 20103 1771 26790 14383 22649 28709 998 28883 21584 19096 11588 17237 17759 9055 20819 10073 22127 29311 3864 711 29687 15887 20427 21850 17563 17186 1155 14390 22733 4515 18358 22173 2563 3870 28181 9946 1242 24717 14896 2402 16161 10125 21942 21615 15647 16564 18858 23190 10544 25897 24319 28298 19370 21007 16204 22416 11906 20905 25405 27132 29743 11245 16652 6463 28412 3425 29920 12540 2609 14554 8753 15286 1286 16209 18454 21199 21146 15174 4483 957 30090 29628 15716 25508 7417 12039 3600 22768 3111 1383 11670 16557 1582
1099 25477
90 9005
143 4592
70 19068 23507 11047 18306 20134 14896 27686 27665 3606 2625 26480 15900 6539 15832 17404 14323 21891 968 12962 1047 29818 29816 19385 11937 28168 27037 19895 17817 16811 16883
1133 15281
205 23630 5278 2929 23580 5705 5619 3965 20006 407 7401 11881 18082 7418 6132 26214 21475 22197 16193 1586 1919 25897 16189 24444 23734 5577 19972
937 16968
1123 23775 1383 21146 17654 18179 14214 10338 25886 15675 5049 24410 8846 18305 14919 25508 8313 15401 15080 21241 14663 15654 20814 6120 19385 20697 27153 5973 14293 24033 813 2654 15415 18648 1554 25333 6002 9842 12043 12693 20668 20965 25873 12175 18535 14761 8705 2689 23515 24429 29349 12675
748 3294 28216
1940 29422 3876
1093 28884
484 29396
1 5700
1994 26126
382 16942 8006 20244 28681 14157 8770 14936 12774 10895 655 16466 27452 16143 1469 20087 6542 29691 7987 11452
2124 7126 6700 23751
467 17404
1023 15756
475 5917
616 13741 7428 9616 12146 20181 27238 24695 29971 813
336 22292 17623 3082 26507 17712
2003 1568 16790 19452 14445 18842 17483 24068 24189 10643 14507 22572 27648
751 25252 28075 4139 319 28442 23787 23665 158 16431 16421 23036 28371 19385
461 29712 19988 8760 20815
1789 29625
1841 19385 23081 14791 851 23579 6017 73 30054 15465 380 23638 13656 24983 17208 12997 28564 29265 340 28293 28841 6196 17646 21384 26170 6517 27934 12072 26019 7841 11007 6788 28666 26527 23275 9227 25622 20596 24893 16698 16935 9437 12633 23744 28345 3801 15650 14105 18639 6553 1016 4816 14999 6237 21396 25829 24467 7884 10209 18275
1308 11813 24109 6265
777 28550 25066
263 26278
414 6453
1218 2993 18021 1794
1066 8365 29690 27883 10590 8317 24552 23509 27940 2560 2489 18958 20369 9344 17827 20575 3882 26643 6680 17620 17774 20783 11909 5937 11049 24754 27067 4966 9008 11974 13523 3650 16596 28666 10898 15086 18152 21207 25922 28832 7159 9616 4477 3979 27897 7015 18555 17319 27245 26973 7856 14172 2488 25282 10140 12202 4492 6818 13279 5958 9725 27858 6323 19368 9952 17635 2413 28093 7933 11248 14546 7432 29101 7622 24545 29471 29726 7139 8213 11795 10684 21896 19741 9460 8726 16655 24498 4952 8291 9589 6766 9251 27058 14566 25733 19643 11470 18778 5876 26815 13254 12039 19365 10137 11609 10822 12677 19491 6627 13172
1995 21670 11181 11865 6759 2557 29438 4362 2411 25695 16891 21013 2177 4221 29253 9276 22974 12002 27186 8669 29335 28402 5770 23686 5611 26614 5496 14137 27163 14424 5100 15001 18329 11245 16598 9491 23438 11640 25534 10825 23658 1699 28940 17857 16845 17841 8083 9437 10618 23731 11502 10433 24295 28360 5136 8782 12915 8461 17840 4845 12445 5200 3811 29206 28425 14616 17394 8548 1828
848 24762 11983 19343 14791 18578 13053 9842 7396 22055 3001 27074 11414 14828 15658 5797 20375 14245 7731 1949 21614 27532 23937 9689 28626 5469 2247 12819 2071 17109 24866 11085 26659 2074 1544 24067 6855 23133 5155 1675 22282 19660 17638 20646 15415 11519 28944 5269 24535 12560 13938 18477 3775
1463 29429 29354 7554 2633 22889 17145 23121
242 11006 17654 21207 10057 5373 18099 1541 30105 14695 12985 4317 14800 15984 14852 17623 24881 15282 17071 9910
675 15098
1600 9564
1813 7157
2113 13614
1762 241 12806 13324 5196 16 11881 11311 20290 1603 9250 23103 18084 22237 28087 10590 17539 29936 6539 9037 24229 22042 27869 22391 17785 225 24328 11670 19418 12164 26835 25067 19452 17594 26380 7731 23459 28889 943 10697 30094 26909 29353 2407 13325 17952 8273 28551 15378 1741 1168 24060 22439 12489 25622 27471 2035 3578 22466 22511 10592 29074 23546 20697 1383 4671 17685 21436 29417 26005 27036 15415 20586 5269 2121 1962 5764 15864 10233 12926 15838 27310 11949 25886 26144 24047 12110 11804 6055 9595 21809 27782 22623 3606 17423 13731 24498 9390 9284 12619 633 7080 24075 3142 27077 23063 29404 16918 15134 1457 14507 19370 16458 29481 29445 29679 1332 8722 23661 22495 120 24390 1175 7854 28039 25000 15785 4342 16661 11205 10183 12024 26790 13033 16344 28775 4376 29164 9842 18174 1070 27457 10358 569 24640 25646 17238 6779 510 6495 20637 29970 7633 7737 21451 9538 22189 15248 19052 20569 24712 14531 25759 21630 9723 20703 15927 10139 16295 4816 20217 21388 5505 332 20390 17188 2601
798 13076 17594 27776 881 28170 15282 4685 26652 24734
2079 921 6920
1848 7042
226 21560
681 26372 16822
1871 6695 6976 5917 28726 18897 24881 19385 12478 29006 27336 24668 2378 9746 27012 26557 27174 28353
2102 25614 9437
1915 14732
1656 5961
2040 26494
206 24986 23486 26191
2144 22307
29 15969
546 15670
1760 21600
729 20074 10050 30047
960 17936 2207
816 29614
1500 12924
619 11041 28123
2062 28671 21943
1731 2546
305 5737 15281 16596 644 17267 23343 22905
2028 26597
455 8929
1574 8777
1085 20821
804 17368 28550
407 18364 21781
2074 11461 28550
1555 17730 2101 7581 664 28546
1862 26643
1529 29614 28507 7159
405 19391
419 19830
2038 7561 3348 13927
1157 18275
1576 26643 12926 28237
2071 13172
1167 7341
1335 16473
976 16556
821 7999
1631 6392
42 6572 16726 24925
2149 4761 28199 24230 3416 18489
1913 13854 13196 10058 7046
1496 15793 10442
1628 21109 8862 19217 843 25069 6258
1774 18800
1254 24218 17195 19412 28464 7640 28068 23999
396 13960
1359 18707 3623 68
733 22352
909 7263
1285 26364
285 29999 26222 22254 28481 16563 26111 26434 26079 6617
479 10901 7710 28640 16386 29113
591 6177
958 25898 1242 14214 4607 16562 3344 5045 21544 22450 7396 14554 10811 8262 15972 28039 21904 15172 4613 10100 4167 12304 23684 8044 20537 11469 1822 21357 13903 12019 15670 22897 3765 21602 25176 24466 8951 2705 8384 8684 21450 13936 9208 25012 8126 12768 4080 25939 17434 28503 14794 29614 26737 6438 17399 20324 9042 14677 5880 12024 3648 10450 27610 16561 24023 25077 19015 9455 6504 2283 23008 23820
983 25824
706 1488 18489 8097
1983 11664 18673
1349 22156 22161
1701 29280
770 23611
684 10125
593 19385
1730 14628
530 17350
863 29751
2064 22686
1472 3847 443 1672
1751 22793
185 19142
544 5770 23684 27063 29040 19332 24588 24061 23794 12060
1071 20117 19385
106 25897 16189
1466 16350
538 7893 12177 5483
2035 27165 3662 18983 5401 9989
1209 24849
201 16323
734 4762
291 1326 2460 5644 21529 23008 29964 28630 26153 13180 10272 7450 6827 20954 23623 15549 7957 8789 17817 29058 6286 16513 17109 17816 20488
2012 9075
1047 6659
1516 17857
852 1851
1943 22747 24829
97 6443 3615 5340 5226 4615 17436 29714
2168 1042
1670 29138 20490 17234 6030 1934 22014 12434 27451 28221
1436 26997
1331 22313
1236 9337
693 13091 22292 15282 29455 28200
1955 8134
1646 17117
1293 3583
1304 26444 22743 27539
244 7855
714 6534 4344 25038
1296 13690 3968
1951 28128 8075 23305
1260 26353
947 18255 269 28562 1230
1744 8644
585 23026 4764 28486 22185 1701 6325 16730 21366
916 23263
1361 28986 5884 22742
398 17035 5610 26423 16106 22111
66 28534
1842 21544
1246 12431
1238 2402
840 17717
481 22723 24740 25939 9166
1673 9701
74 26736
702 601
1499 2522 17195
1527 2626
975 26751 26122
222 29821 14704
1520 3563
1882 25136
901 17827
1176 15933 27084
1398 16526
2101 8823
1914 101
501 20244
1721 14127 13436 10654 27440 1032 14944 18822 2231 10073 943 26284 4131 1543 20056 20221 4805 15044 23105 4699 29216 4317 28375 19967 26915 1374 14547 25046 19370 14507 2332 19377 28102 25506 24 4601 4108 1383
907 15934 5158 11930
1549 1420 22253 18089 20951
548 11815
864 15845
692 26666
417 9412
316 29302 18871
1814 2951
1752 11658 575 2144 11859 12653 14127 15136 20254 6477 19223 20826 11865 2617 28841 2229 22867 9879 24942 11181 22017 20604 14606 8733 21197 2741 6034 8884 6690 5539 11634 4919 24253
2052 29614
1418 1315 1247 6946
1395 13523 11754 9719 4802
1830 24802 18542 13005 12254 13104
1513 12305 18671
519 1934 10583 5553 17834 27451
1594 20146 10587
146 10601 10773 5463 21682
1182 3888
2044 8582
2015 10594 8814
841 878
231 17685 19030 29325
2145 4291 1760
521 19125 2396
1392 17330
220 22322 12466 4332 4063 12586 4263 3510 15150 27721
1728 21670 1331 15267 29190 23885 12138 1670 29652 2858
643 6892
203 23923
1263 9684 18998 21590 18120 20933 19600 25988 9477 2770 22080 14514 14556
1586 5763 27331 12447 15499 18113 27597
1644 14734
2153 28625
817 8241 8249
1406 17901 18460 22466 18102 19818 24285
558 29672
1279 24983
12 13255 121 27277 10315 10901 2825 18317 18091
565 6659 4663 4956
1382 23036 29096 18342 19616 3279 29848
1532 2025
1806 15762
1298 320
257 14820 8136
1031 26523
1641 6474
583 9109
1163 22292
14 2817 26001
872 14275 20589 19370 22 19736 15055 6567 29476 12090 16243 21772
988 3092
1187 29038
342 26828
685 9332
1089 8015
657 24784
2161 27664
1787 1743
1671 1972 2640
239 1387 14559
646 23172 3648
1244 15185
255 18727 7532 4820 18460 30112 15026 19350 14547 10900 26461 19385 6175 12478 20697 20961 27765 7340 14546 20891 6649 27704 2420 109 3070 20055 92 17644 9253 29074 13516 949 18352 9053 1383 6132 28102 8482 20899 1230 29976 16159 11679 1683 13096 27403 7768 7013 28987 2886 10668 6719 29592 26366 11969 1950
246 19385
2152 25093
908 7329 27315 588 14723 12322 13894 2224 7251 17623 5534 15445 7371 18212 21295 19591
155 7659
1575 16029
690 10703 135
1186 14024 5406 17875 21678 22437 14583 16776 26514 9585 3543 6059 1664
625 7450
891 14649
1461 16753 20498 2438 17261 25871 23999 10726 9116
1130 4607
503 11889
604 6641
46 21562
617 20146 12148
1079 19291
1414 11754 18479 27626
60 6686
1049 115
1966 25387
1156 5244 27221 6806
1175 9958 2781 14441
1190 2228
1159 23019 1203 22490
1849 14442
99 21034 9088
1551 22165 2654 5557 4874
1858 26684 25010 11613 4133 23078 12356 3200 62 15035 12760 11858 13005 24597
2114 25051 5337 24771
1107 22292
2104 26161 15933
1791 21761 9622
808 13786 20512
1131 7429 5962 1649
433 23751 24497
1242 879
636 359 24316 1567 20031 13435 3901 19132 25956 27274
963 9954
80 20496
838 11870 18969 8718 1521 13412 19260 12780 4042 20457 5348 687 17904 7998 21494 5198 12975
933 9526
1535 10494
1799 22292 28492
562 19847
1919 29685
2054 9740
959 17404
1740 11853
102 22554
1681 14276
1988 16879 22700 14665 1538 21937 20656 11853 4039 11291 26547 19590 9779 5224 17580 25886 19218 6123 2496 6500 13222 27077 23063 25094 17582 23845 27561 18727 24204 23262 7865 9156 25111 15918 19174 25447 17753 5583 28744 7565 8136 21291 26216 28960 12688 2968 4769 14183 28498 5855
2053 11503
780 18361
1367 10 28523 12425 22009 12605 27510 4248 16541 10924 30043 20807 11455 3585 11162
363 26558
973 26372
1778 2521
233 2002
22 7419
834 6782 12356 20683 25219 4651 24792 21066 23567 1487 6777 22861 4202
53 24197
1443 19442 22995 21285 29903 18559 5269 25480 18558 7503 3606 25552 13807 2949 25966 7432 3527 29799 17399 21096 29265 27896 5978 6622 25311 2088 11290 23525 1994 28235 27944 5537 11973 17068 19330 2678 25743 17275 5559 27408 20631
1855 14507
91 29186
340 15161
2029 29236
573 24698
1014 29816
1720 6976 7982
989 2527
2091 30098 13899 5172 12743
1745 20826
204 2594
1227 1370
1161 21663 343 9139
1902 4914
1553 8644 30035
89 28253 3671
1465 16811 3167
87 3428
1174 10673 14042 24079 3989 15282 27589 11909 3080 8358
1396 14157 6014
870 28389
1887 2758 15271 14717
1507 5044
1542 11938
677 29001
992 17357
827 535 1550
430 9545
1151 5587
1772 14718
1877 10637 10866 29316 29223 20320 28751 17288 4586 15888 2868 30105 12975 13615 559 4406 1383 2724 6513 11491 18681 21546 13268 24400
1449 4374
2065 27544 19976 16489
1111 23588
2081 10014 26317 1255 24544
111 4710
1137 25897 8493
1703 2634
932 10971 218 11181 24424 14950 6572 17682 11687 13464
1587 24368
923 526
781 17645 21736 1854 25245
2089 2112
1523 14906 18811
1422 3136
836 19585 20782
412 13512
599 3566
1537 1850 1295 21934
480 25794
1314 4731
575 18674
175 10057
1795 13116 28950 13186
453 9447
624 27036 11518 22090
577 21415
605 27036 24821
1470 7545
253 17727
312 18787
948 15387 14735 26441 24321 5031 24498
1530 24634
196 23714
663 16735 29810
1206 22074
86 13523
78 25122 9459 21936 15394 11418 16776 7586 12356 9811 2758 1206 5674 9157
1421 7421
2 7301 18448
1278 13493 562 29889
1679 15895 7308
6 29999 18176 16575 25375 15282 3989 5603 5811 15141 20832
1952 5026
508 4056
334 23293
623 16814 21926 5313 12230 20794
1710 8135
1424 7781
198 17685 19655 24348 18046
236 162
1256 5263
1000 9831 12194 2399 13373 28441 7417 20187 17878 15201 4394 13328 10627 9821 16068 11962 2376 28390 26635
1273 26491 16129
1015 17965
1654 17899 15207
1060 20255 17720 26931 11106
1829 15135
725 24312
2141 24444
925 27278 3396
259 19068 19690
219 13765
21 17066
1020 29460
1837 21562 12697
1323 14853 847 15443
1391 7043
1155 8482 17051 12039 12366 10048 25105 20088 1419 16614 6958 6959 29626 29074 5269 3527 29799 10183 6164 4807 23157 806 23514 5590 18572 8498 10256 27524 2705 23161 9712 29186 23103 5332 25004 26927 3518 26444 22743 9584 18663 3277 4794 26614 1278
1141 9842
666 9830
2096 1694 2935
1878 11988
1894 27563
1226 26157
964 13442
278 4606 10586
1572 6088 29121
721 24545
1735 20273
17 14503
1880 15257
1390 29611 9602 20088 25818 28889 17154 21770 21722
1366 25558
1369 9741
1918 279 24701 22922 3125 23350 14911 22170 26546 27715 2884 17003 27718 15399 3373
1875 20360
1258 28469 8159
1539 19330
1736 3951
2134 716
1941 27773
1270 27412 21307 853 24262 9583 16809 21062 7335 18389 2000 18842 20949
810 6250
1214 5202 19827
369 15666 4121
851 4083
778 25824 5661 11717
487 6159 21521
1755 10120 5849 4295 25788 18503 24225 28787 14497 3610 17826 12396 24832 5550
1599 2293 28874
313 17341
1884 16437 2444
1011 24708
361 13352
597 9921
527 2412
1824 25766
462 14650
1136 22518 24317
1541 11216
552 19757 2724 11861
245 23715
303 17008
614 22790 20001 11257 27408 15767 21068 6132 29735
793 16655
28 26036 27768 368
482 182
2137 20766 21653 16556 1931 13498
1008 12966
254 23080 2705 7450
1827 24924
247 23174 27781 18330
746 7842
853 7381 16428 13474 23380 15959 28396 28807 27167
159 12445 14860 2824 20763 20908 493 18216 2858 11705 1406 5103
1514 12541 968 1266
936 17970
1025 10757
2157 23008
338 16452
98 16192
1711 14866 16600
348 10786
579 21068 27408 6132 22790
596 4511 25506 1675 1383 1834 26247 10459 17754 24889 5319 7628 24996 20278 19595 19844 20789
1838 6321
2025 8094 13992
1078 13765
701 6791 24300
1796 4345 1383
2067 27720
1515 1874 1009
1321 21667
1528 661
1856 21175
874 5801
674 15387 18604
1320 11643 27408
651 2386
466 28626
917 12731 15774 19679 20826 8303
449 8344
1903 7313
1358 8480
1967 10868 15044
726 21 3524 27520 2517
287 20697
788 15159
48 3535
1861 16953 7268 25031 11400
158 6672 25004 18358 28099 16849 11491 18464 9056 23275 1874 3342 20146 6829 1907 13523 16924 22432 10425 24853 16537 3584 10461 11047 2735 25791 18463 12079 16133 26571 16995 16159 6261 13516 22647 29833 1446 15230 3898 28411 12756 17898 2378 30029 6902 22976 4492 1383 13592 274 27937 24866 5486 4526 12545 2777 29468 3980 2112 4124 1541 25508 22095 5136 18426
423 24015 6023
421 12342 26582 26444 8706 3523 16240 2325 27539
1058 23491 23333 26684 2668 11162 23394 25336 8602
394 20238 1980 9845 21672 421 15584 10998 14571 28716 3766
940 2858 1406 1670 10522 11181
1479 27036
1144 19336
92 10837
1229 8126 15440 16478
47 9038
2010 12677 10822
416 20894 20705
130 18683
1185 11236
696 11606
708 17682 18538 7707
1623 29115
389 4051 23511
377 8351 17898
822 20360 24999 7988 7508 5750 9842 20054 18732 24740 12546 13396 28246 8730 409 1198 11713 26572
354 18877
1923 21772 9745
1768 19279
2170 8566
2036 4012
1135 16849 16031
1615 20482 11253 6612 26241 4503 4952 16864 28394 1066 13682 27010 21313
1873 26811 7119 8240
1974 4002 7586
2006 19127
444 28653 28367 25211 1406 17394 29087 23904
296 4632
1808 29138 15933 8372
1006 10681 14847
248 8149 23723
2066 10415
1743 5603 26718
1046 19453
460 18599 21615 24597
2046 10549
735 20860 10917
1207 15998 600 7969 9452 12331 17356 16567 8286 21499 22975 19589 20916 29917 21882 24883 29198 11436 8968 6643 6518 14167 11491 4248 21532 27118 14952 25558 7956 7450 21615 13113 4103 14521 11431 1383 5630 14163 20943 29676 9604 11388 19961 20875 9799
1427 6206 10589 9622
2082 10999 18476 28832
805 21113
910 7659
998 29476 28151
1522 21772
1713 20962
1980 24580 19586 23874 14547 25818 11585 9766 10684 28147 21221 21546 22285 10338 19968 26656 26762 7588 20456 6222 4317 21220 10549 20519 15689 17129 28252 11258 20427 20695 17809 22380 5054 18120 3893 1383 64
1777 8318
930 6572
2143 20495
972 24155
1215 21565
1033 10417 15257
1315 10560 8319 25818 8875 5982 11634 13516 23063 8864 9787 10373 11483 24290 19586 851 19327 16949
488 2758
814 6158
560 21191 7762 27773
1204 17865 4221
1348 18016 27056 29672
383 16189
2098 461
559 27096
2171 8160
795 20893
293 11733
2107 13840
993 22019
1543 532 25692
1355 20826 16644 16998 28723
1301 13448
1773 13495
2138 11430
95 6175 23228
1104 7962
189 24453
1012 28731
1199 14099
1712 2112 20679
2115 15454 16812 8368
1911 339
688 11922
665 9579
1508 29601 18358 24311 10848 22797
392 12254 17200
1558 12781
2000 17526 8729
2126 18204 9338 15286
1090 1538
2099 9589 14487 27210 14963 6480
921 4302
314 396
904 7484
364 18212 23628
1403 22565
1697 22114 19094
251 17551
1055 18736
301 15001 18115 3892 1929
626 27549
128 12783 25886 10141 21579 6424 26572 1111 25299 586 26129 701 5054 24145 19370 10354 18590 18552 9760 20875 28168 18655 27037 19895 24352 21980 17575 9080 20390 4682 1538 21674 28934 28626 7354 20555 1383 4760 10217 1724 28277 9617 75 28510 20240 10608 949
676 20165 3769
2086 19878 27703
1956 25900
1224 26930 9523 21641
887 6137
1100 28306
1262 5136
8 15959
1439 25351
1230 4285 10738
1075 6292 7184 23803 6253 25818 3671 29002 3463 1675 25423 23667 28517
1892 17636 13614 13756 25004 8729 19154 957 12304 5537 3387 1568 11473 23219 17793 9344 27947 24080 23063 19370 21983 3436 14585 28099 15475 11245 23275 10586 7432 29101 10983 12208 21389 10719 2030 3575 17556 24498
1462 29958
896 23285
752 17368
1693 6307
2093 553
1753 20181 15553 11755 14621 12317
277 2952
1043 17051
240 21831
648 92 7462
1715 16219 12057 4614 9299 7933 29931 16016 25492 18691 25585 27466 11227 6187 12633 10654 25562 21770 5508 20825 28510 18588 18102 22860 569
1091 12218 12819 985 11400 23431 2609 17981 27334 7588 9716 20497 10285 1176 17918 2726 25818 2398 29480 14585 122 17237 28705 5133 10555 18947 13489 14218 5310 11286 17639 15468 10254 23808 22095 18642 29572 22867 17685 6480 5342 9477 2098 27391 7162 24595 13257 26504
1690 6169
620 10650 27712 17787 26091
709 10971 18508
1618 21776
182 7328
1364 15802
457 15660 29917 5032 19466 22521
1445 18044
298 2509 14711
2133 22818
1636 3606
1481 12356 13005 12360
727 5747
1716 20888 21612
1241 18669
703 21664
1183 29410
903 22686
1764 7584 28728
653 8318 14507 19370
532 7958
1290 26553 4880
1048 21813
1440 205 25635 17219 23704 17124 4201 13159
1453 18901
1021 29301
380 24268
902 3330 8795
1164 25897 2275
1222 24685
1590 6159 11181 5862
264 21474 19878 18435 15143 12633 12719 24346 20730 26075 27603 16642 8140 22681 22494 22685 5433 17260 1851 24661 27407 6850 25636 15990 4821 19083 637 5488 16048 9842 24492 29694 19465 3980 2654 6861 16403 19501 24236 472 5499 23514 21342 20715 19147 27829 27726 20183 2135 19658 4451 1332 11403 4376 8806 20390 5836 5571 18741 8791 10654 10614 22465 1303 24001 7341 14747 28177 25725 27065 11491 20150 3409 9760 4052 27333 19953 15224 968 4557 26262 4737 1065 6527 4962 22049 28626 27709 15536 8505 20077 9070 19956 7916 9721 1190 6590 28924 11791 1242 8547 4871 27139 19613 29706 9302 1711 20959 23618 5065 16165 27740 24117 27591 25883 17471 29187 18288 18106 30086 8427 17096 7588 957 28361 16983 24232 4050 996 5296 9805 1545 25521 16106 2278 25351 3434 11422 26987 1856 18578 11689 569 1436 6662 5986 9706 25180 13202 25111 27147 10809 5382 18769 7844 4288 15698 27077 4952 11047 20993 22061 27581 27704 17876 769 8130 1927 24068 681 502 18720 26 25148 29944 17569 14334 12340 12205 17599 4682 18255 12699 1383 3011 27766 9963 1931 10396 18669 22835 24690 12024 9474 16645 7450 14514 13233 21696 10350 19892 30085 25392 15465 18077 12753 19312 22534 27446 19999 11247 20497 26316 27796 4425 22905 26899 335 10577 25393 14679 6409 26968 15771 9999 28778 15878 22985 8413 19149 27672 17364 8684 24090 15172 19841 6927 18124 27008 25571 6984 15678 11720 6009 15553 23549 1677 16 24477 26697 19341 13293 28181 6434 10455 22912 7992 10045 22662 2787 6109 4997 10123 28378 3375 8701 7051 5630 6193 25671 13902 25897 26851 1934 12453 30005 20649 2401 29404 3407 993 23285 28216 6148 18434 14399 18483 29801 11330 5441 19283 14042 1245 5337 25051 8932 6298 5042 18781 12332 20423 28756 4543 9176 21675 26085 14760 27623 17258 14764 25016 25085 13058 22100 1319 22292 14105 3706 27012 20750 6929 20381 29327 24020 11579 23063 15953 28658 3857 24769 7277 11036 1831 9119 9327 9231 5362 13937 17384 7077 29233 8136 27897 8725 11118 5568 8200 11308 27595 8542 1013 3222 16177 12374 4569 1406 28111 4827 13783 27365 20860 18714 10627 6746 11628 15250 6918 17506 5923 26972 28421 10154 12989 5074 19487 11291 19306 927 2147 2254 27308 9344 21357 25850 12040 18129 3784 21023 10149 22164 1628 12832 26586 1936 13944 6432 17077 27722 10394 9753 18338 2625 11688 18170 20168 24965 5844 14990 13195 18219 11419 23208 29692 25423 5911 2155 11006 6398 11530 24790 29777 14971 3795 16791 358 20482 6256 12063 5274 8320 3705 15382 14093 2827 18141 1834 13765 15793 22716 19001 11134 20917 27058 4674 18282 13741 12317 2704 10352 695 6864 14294 14322 8721 14499 12445 10048 15173 13766 28731 7421 17833 2811 27781 6621 29931 17470 12151 16919 25961 11112 25172 28122 20488 21501 24698 21532 5136 21853 22993 20031 27831 14660 26192 1451 7731 468 25622 25276 23920 2162 5172 5396 27929 12070 25230 26113 12183 17109 8232 22696 10886 22555 19615 11922 9068 13101 18715 13193 25141 9606 30060 26132 9746 13155 22189 26876 20961 22004 17081 8069 13779 166 7908 9581 15754 28016 18294 18645 17263 30083 22068
1312 2378 30029
2055 10617
502 20826 10663 28630 17779 14918
1867 27615 17937 1662 8053 29672 332 18073 12382 24577 11288 23036 27976 28862 4583 22441
1412 26504
96 15413
1039 15477
2030 23527
1689 22719 11107
1928 17141
1505 25292
1958 8493
1846 27230 20612 19615 18761
924 25897
370 24423
1677 29273
1243 27997 27592 24163
1386 8782
1178 29441
117 24794 1054 24460 20479 10869 22734 5775 205 13242 12921 26586 25646 27816 19985 25487 28626 6937 23796 13001 8707 11673 2150 7079 9053 9569 16229 27679 7402 3082 29511 29735 29260 28313 4314 24510
1836 18676
1054 6839 26783 18310 19321 9477 8043 4382 7984
632 17368 29461
346 11087 24861 7937 8437 27561 25868 4780 908 11787 3276
51 23145
1784 9731 19586
740 4285
1393 8753 19805
1790 5243 10245 17547 23981
1101 19309 5014 1782 6162 15001 21670 13544 5833 2858
507 14711
2004 21114
994 24173
1781 730
2011 831
1411 5105
30 3692 9586 13543 29994 22650 12600 4133 24823 15519 29492 15495 13307 13024 28301
1669 9978
1895 26515
36 18632 10162 9608 20076 26681 3474
1333 9294
1834 18636
776 20488
878 5872 11151
1733 11224
1929 25426
678 5427
1357 18879 24337 4233 10310 21849 5121 1248 6742 15846 19504 2280 14577 12024 9713 13254 15468 12295 8804 25647 13058 8164 25147 26944 7853 21398 28986 19972 12924 25452 14596 24498 25855 25560 3555 13592 8937 922 4593 16495 4320 9338 12079 2018 7865 19323 21308 5269 29210 27603 1251 11164 23842 10369 20354 16867 5752 17801 20012 18358 5716 4175 24752 18457 17913 9476 26388 18256 23384 12808 1928 10469 12833 21630 26584 23635 14008 19452 16338 11909 9166 4982 8866 2362 6590 19706 26023 17371 8550 15838 927 17580 16417 5827 9695 27321 11718 27423 22292 14257 3167 14989 22463 11388 28601 750 13296 7342 4342 16080 12764 1446 17364 8136 17068 24762 26166 15279 17553 22208 11837 4102 24352 6291 27141 28810 18082 9390 1383 29564 13849 580 8542 22433 153 9821 12786 10125 22025 25170 29509 9316 1657 13958 9407 25774 26452 16780 23338 4221 10919 7230 10570 10408 17988 7854 16727 10693 16036 15611 24667 10627 14233 6463 28470 16074 13178 11245 4388 23800 27822 11355 18406 11872 993 4079 26973 25163 11940 2471 13212 7216 20527 13189 27435 12209 26912 9912 15465 319 29848 16618 27202 14866 29346 11270 4112 28356 18724 21974 19762 25886 20103 7062 5428 13597 22609 12440 24545 6822 2147 10517 1922 24733 25111 5037 9446 7162 25868 4200 13113 22221 20940 23174 23290 12801 8252 28321 9235 22993 20328 9041 16161 12695 1332 23184 4807 10474 21633 18390 20488 10971 7696 2267 14369 10139 21908 15827 16849 587 17096 4030 15633 17360 6338 25856 27505 22630 5181
939 9943 5054 14637
1057 23939 1018
1625 19271
2050 28660 4737
659 3808
550 16842
1257 2690
980 9566
1351 10310 8753
280 18611
156 24217
547 9600 6769 15219
1249 20218 13396 14674
1526 20718
1945 314 30034 7090 8276 4516 7642
680 20764
750 12774 24855
1859 25285
38 25066 2882
1992 10224 13195 21664 27921 520 26858 25066 20092 28578 25732 25319 20039 12284 5833 19214
949 10748
118 16557
441 25884 13784
2106 498 20954
1683 4306
1458 29017
613 27217 21511
411 9924 1250
506 24092 25895
1640 22363
2008 8520
1434 21323
227 13657
588 28561
1571 27868 15001 10377 9950 8318
1413 6516 16859 20268
1658 25766
965 22864
2001 6223 3868
2155 27955 3148 26559 29716 29929 8885 7335 9150
1040 8029
861 3800 5156 23917 16344 20569 13033 10174 10437 19052 24500 21490
1608 2563 7421 28264 3928 24548 9644 1315 8885 9231 10834 27373 3473 11052 6223 21335 6918 24107 24400 13787 14390 1628 2858 26165 19343 20860 6398 2580 25775 10296 9589 3142 16753 13848 17106 3436 9805 14507 11149 24439 1538 28566 22734 24484 16520 21450 24667 14487 14861 9061 28685 7062 29735 14679 5806 3453 11618 26134 19504 18312 25737 19302 29161 24797 7588 28430 13436 20960 21606 19333 7852 22497 8035 5966 13690 29678 23063 26716 1156 25692 11823 25152 6226 22173 11253 1749 24610 21700 5333 28257 16886 14436 2990 27430 22623 24889 7432 2065 27310 18685 7147 19870 23636 19558 12546 22429 23533 22359 23938 22049 9404 14323 17368 5991 5415 2398 25199 18743 17835 20978 24162 24460 16370 11282 18646 6169 24804 11400 11539 25571 27968 1169 16086 25668 20345 4913 2740 19002 18796 25117 9594 14134 663 16516 15656 2704 15774 25439 21351 25343 218 5501 13242 22796 25004 21553 28417 16690 3481 21636 28254 26600 13807 4737 9986 15784 1383 23820 8333 3866 23091 11797 28213 11436 15600 23452 8725 195 21530 12571 10678 10347 23285 11906
1354 17502 21369 6748 12048
1947 4686
1602 18436 24036 10701 24525 12105
1622 8858
387 25620
1034 100 9468 5947
1634 9437
2094 25897 21993
418 23994 2720 25408
844 20181 17505
1695 26900 6692
1195 15636
438 23970
1938 28934 8872
1563 293
1415 4734
1402 23527
1498 23651 22838
1901 11455
517 24771
295 758 7874 14031 2396 7877 8318 11566 9794 19642 17008 22340 25206 28441 14212
1975 23734 13296
218 8713
1350 18855
1886 26502 3279 24075 15967 21700 316 21615 26254 20646 20321 27008 23914 2280 26366 8078 14677 949 4864 27959 7588 19369 18169 11522 4918 21752 24649 26919 14906 18516 9922 27628 24856 15022 5269 28450 20651 13140 9359 6686 23881 7009 22036 11889 24290 15205 29644 12056 1814 7047 4184 10630 3913 9451 4345 22734 19487 1114 12718 3363 6188 29831 28756 2293 6487 1944 1727 3811 13873 20025 26162 8376 4544 22955 15836 18604 7153 10227 3966 23360 7970 12088 19344 15066 4076 549
1757 26111 19603 13396 16592 9121 4612 16636 9589 13839 2398 19950 1303 24350 8164 11291 3448 21232 11738 15522 10300 8618 9267 4149 22459 14960 1190 7129 16034 29517 27474 3276 5952 15056 14416 21615 24694 22095 12984 27139 26366 11491 1771 29854 26829 21100 10556 6554 4253 18876
1629 14684 14414
1324 13966
1399 27278 6850 4651 8804 5158
1627 6409
2135 5387 23604
311 20298
886 7049 6727 8337
1394 16622 12487 21112 19525 29498 18862 15154 1968 10217 4122 17469 20390 1070 13523 3409 10128 15846 5266 8930 23810 17821 20875 20433 13703 18184 3463 3459 14633 1176 5462 5269 28665 3106 5199 26297 1856 24907 1383 22860 29404 15939 24733 5496 9760 19285 23917 5156 10174 10437 24500 1953 11588 19215 4029 19820 8057 6021 21108
1964 11377
2131 21943
2097 17123 29178 14683 7503 21827
1219 12943
49 2272 4482 14726 6215
1213 5336
1900 27781
1373 13555
252 8493 27618 8783 25897 29479
957 12347
1310 1797
2119 24973 13015 11741
1429 17237 13700
1476 15406
2022 17123 789 27375 23044 13194 8649 26549 11217 20429 3479 25155
1119 19339
1302 6223
2024 27219 17567 10411 5836
1145 21645
563 11325
214 25296
297 11143
966 11436 16902
783 2177 3892
1292 13334
2073 3721 14501
1655 19620
345 1429
1804 25146
27 12024 15976
1840 24717
2045 1492
1486 4482 13275
1896 26676
325 4547 26920
732 15052 25939
131 17136 13270 19898 10366 22962 20616 19199 13973 25860 5993 17994 23528 1501
40 1538 4220 6876 26166 26676 19426 1667 14048
1815 29542 24597
288 4827 2687
1802 15351
1379 10497 14684
1016 18184
59 25897
1010 8084
695 10789 4676
1019 6012 27173
402 7142 8020
420 26944
1596 17421
556 5624 11876
1785 403 25775 9967
1365 26536 18449 587
720 14070
1378 15309
621 18696
1560 8333
1612 18474
310 18700
1723 1658
1659 15157
166 1697
691 27881
2043 22112
1271 1538
1839 7610
34 11015
1910 28314
880 3873
1503 28296 731 8738 20966
1546 13934
2085 3463 24632 614 19441 3239 11522 4268 20436 21659 25312 9079 27769 22734 2891 4760 2551 27092 13523 7586 23979 1169 27704 25886 24456 26950 11469 3136 28237 276 29187 9785 11582 5942 23063 25077 4221 7663 17336 8581 19133 23478 5269 29006 8837 22911 5911 1383 11571 20933 12374 23459 27011 282
271 27872 17295
439 28648
2121 7683
1614 28494 9459
1595 28946
1028 8293
1906 13684
1454 6662
76 21509
1339 10556
802 13458
1635 8675
1188 24543 19851
232 27527
1081 5422 8638
892 27674 5111
2018 5733 5793 7703
1860 22472 24117
796 10198
775 6900 9642
612 21445
223 25384 9913 162 12183 1317 1603 1911 26152 13565 6449 19534 23663 15776 17235 13004 780 6444 6424 7177 14358 21997 19170 26163 12070 14695 4136 2284 22421 6230 22734 14821 4790 25897 10577
107 332
192 3781
1525 16086
1086 17526
388 22872
1650 29504
1092 19248 12024 26469 14323 11396 23577 1988 29481 23310 10808 15724 7478 10983 8637 12336 21110 2307 24329 9390 7450 14183 13563 11193 13579 24045 24216 21108 23674 3555 13961 11330 26366 22741 4890 14174 4447 9731 13937 17384 3474 9732 18275 29446 4345 13523 10300 28511 8482 9544 12095 6132 16999 1383 18090 10724 28510 1179 8774 16177 28577 12620 21584 14278 7049 20551 15121 3735 23268 16523 19257 473 10254 5001 14181 10469 2402 1510 29428 23579 7751 29395 8542 25261 5349 5425 23285 1858 9566 26023 8136 22556 18714
1217 19370 8318 14507
1068 6659
2122 10872 23449 23838
713 11220 30092 17061
1063 24100
2007 22623
122 24819
485 27163
1420 15282
1832 28306
1201 7628 22886 22597 16004 3721
856 23959
55 25033
589 1374
551 26900
1139 3555 3200 3615
634 27548
1709 23532
1419 3527
1767 1849
1524 8192
829 3810 21266 19621 12010 17891
603 26366
3 25424 27912
25 19985
1026 29430
1148 430
531 26130
869 3369 10608 8402
427 29402
1750 29260 7595
1317 9437
970 1562
23 19226
1122 12838
1437 3600
134 12772 6650 7629 14494
328 7241 25589
284 332
1118 26366
307 1050
1170 23424
2166 29050 6132 1383 18787 19525 29927 4499 25886 18152 25674 13441 29179 23165 18598 25000 21882 8745 15896 17068 16418 2907 12961 15428
2069 8516
435 12445 11401 9632 14616
440 5199
15 11113
1908 21042
649 2974
1610 119
1237 22094
587 2281 13483 17878 23998 15846 12576 8136 12737
323 29187
767 8848
1961 14898
308 25868
1264 12470
119 8136 6409
1070 6357 5954
1885 25737
150 307
961 13064
141 8136
474 21663
2156 20181 661
718 5746
897 24840 19940 24717 21901 17550 9321 22734 17817 28099 17401 29995 6782 24830 5360 6237 822 24414 8501 22716 16086 5911 1383 17271 5969 16976 23128 1538 14558 25891
1872 20551
375 6467
429 18113
199 16424
1428 9745 22146 17890
1620 5412 16919
1605 16636
2070 13576
1970 2547
147 9650
2076 15466 12884 22669
2172 7642
77 6782 5360 24830 13757
1029 22860 10171
1637 18641 26092 12653
357 3173
754 21254 25287
1917 17237
543 13724
557 692 29174
529 21660
333 21936
1647 27116 9635 24093 24695 18255 1538 17395 10092 8908 24006 8707 21584 7034 624 20034 3087 3624 20782 14429 5379 2286 13492 3325 13237 28243 21132 25625 11776 25791 29801 10338 4252 179 13690 20488 27931 19953 16117 6338 15371 25886 28311 17374 24552 2808 5501 17364 1383 5734 24345 19523 21382 1403 4026 27981 7421 24685 23092 28626 7801 14042 7825 26851 20949 23438 23556 10384 1357 5479 927 5630 3530 8803 4823 12568 2552 25082 25508 5210 7523 8326 8259 17096 1169 21122 14654 16575 15793 17259 23259 2741
1783 26006
67 1606
1603 7123
1127 16976 23128
866 21319
2034 21266 455
1196 13765 24881 23547 9499 22623 28935 5911 25447 6398 7031 6230
1235 29479
2142 28188 5267
1051 23478
1253 19649
1766 13160
549 28225
773 10755 10150
1389 26111 28386 1383 5644 4871 8562 20235 5055 7852 23644 1702 24717 15516 28796 1151 25996 22814
476 25319 17158
1113 6443 527 21513 333 7939
520 13481 25508 14012 7630 17101 14469 2068 4671 9390 430 8195 12849 12361 21460 8701 8286 22398 1856 23808 28712 4611 9818 8011 26166 26146 22554 18685 5267 26111 23987 12079 14309 25104 20832 4892 24070 25527 17025 8587 7450 24690 11277 29984 4559 29088 18775 15618 27475 19478 28416 2929 945 6035 26366 9191 9862 11149 4193 27960 29002 2262 4209 1332 15243 19370 19452 28548 3961 15257 30079 22146 11680 9807 30026 1119 3094 10641 12332 7841 19809 1689 12921 18691 20969 11534 14531 20285 7421 24205 28826 26118 7709 16995 4115 2157 22558 28237 13754 28577 12951 24478 4737 6132 26374 24762 8136 926 1383 6222 20952 14842 23452 12494 9176 353 9224 8111 22410 11334 5630 9453 11036 385 27954 18443 19971 5764 15949
52 16382 22525
101 7049
1666 7263
772 17811 3724 29595 26006
1294 29614
697 29316 6094
362 20146
931 24221
1345 18841
258 20104 5304 16218 3101 20170 25584
1924 14712 22159
642 26377 1367 18814 18017
523 15679
1173 22183
1852 13731 23527 5867
929 14952
241 9741
446 9112 10556 20641 15564 10347 10678 28890 1383 27501 17557 12296 16973 24230 25005
1969 15989 2319
1132 11920
1076 27825
1561 6879 6681 26456
941 10430 23125 17464
835 24012 15494
566 15139
1446 10494
1987 13230 13483 2243 11841 14901
839 10921
968 25897
2169 23808 23452 540 19635
1820 24792 5409 8440 21063 12497 24413 21714
1368 27428 7841
1473 25991 5028 13523 5835 25178 2974 19586 13858
270 14471
1883 20555
1297 19585
2173 27632 26347
358 5167
1817 23959 8288
1738 20793 23806 20855 12090 5469 13683 18531 16831 8376 21894 3425 2180 23712 6315 2605 3080 24762 8136 1080 10284 11665 4666 10617 27623 28665 22605 13541 11738 18823 124 14752 24582 10699 23687 12379 21207 3900 26031 11317 4774 20217 8194 1756 9008 2589 16924 12865 8797 1383 6132 7163 7856 26203 29050 27176 27303 27289 27328 14681 11251 11184 29864 9920 17709 18651 18358 2747 3463 7783 9589 17678 23832 13638 17188 21528 4864 23285 18274 19361 19452 12749 3289 20253 27761 12513 24874 20794 15507 21989 17649 19586 13689 11876 27771 29649 29130
1725 12342
686 29454
221 29658
1665 2545 25543
378 25897
1337 6595 17597 25066 26858 14323 8917 15416 5747 23327 4309 7928 1641 1508 11420 14130 649 25392 25348 2851 24158 24690 71 22895 21112 3245 5557 18361 6419 17974 8263 7077 27226 7357 11442 6303 20869 21151
1448 20087 6542 11452 7987 14936 6014 29691 14157
1598 16495 24660
397 28809 17835 6856 10204
2095 21124
1564 12608
1231 19312
2146 3819 99 10641 25883
745 8174 15172
496 4689
1138 20393 2378 4268 7297
1868 22074 1251 13218
739 4796
1336 13483 12921 2281 3353 24752 9120 15846 5914 12381 2121 12363 13496 24783 4690 17878 9695 15448 19602 16956 6874 11962 7310 16267 15201 23055 2539 20917 21541 23579 20719 20687 27505 22093 8186 16487
744 20250
2002 27147
115 6223 21247
894 12441
1233 22657 10669 9304 4408 27049
1027 27458 25897 8493
157 8515
1521 24409 14119
1990 2243 2281 19791 11683 5410 3219 6230 25939 12380
165 11051 9999 7227 17811
1495 11716
1074 17195
1266 13409 16727
738 29601 23475 3819 29523
1221 6991
302 943
1949 6324 6780
1352 15046
229 15623
406 14613
611 14943 2674
404 13099
279 8086
731 877
1250 22254
124 7732 22553 21066 8440
306 8777 20331
1307 25261
2109 17457
951 25897
2136 22796
1069 27766
1930 22577 14704 3408 25158 4102 6922 18246 28705 21640 18870 7117 287 18011 25078 4537 853 25508 26084 22398 26018 19353 2380 8777 1383 22860 1160 29844
990 8628 10382
1210 498
100 8428 6572 29276
1684 2566
1905 6278 12813 28693 15933
1038 24113 3978
1287 25897 25720 5060 24899 17812 13901 23315 13391 1744 12614 22728 3250 3270 26304 18614 10815 18458 416 20480 17342 20331
1632 17181 5932 23763
671 17117
432 17963 7945
341 3118
1998 8136
967 8626 2355
1754 933
2088 1521 19260 13412 8200
1904 6510 19886
1657 10809
319 18841
652 2195 6301 11680
855 22749
142 20159
1041 16185
50 30026
1639 358
1284 21409 20122
1819 5727
522 12070
161 27206
2068 5060 79
1742 4887
946 25832 24863
555 5436 29727 19622
2031 26200
570 24756
1316 1928
1912 18463 8337
1588 22930
1371 15538
828 14114
1642 9492 20826
749 16009
2005 8136
1387 29260
533 21851 12792
1329 22709
654 19649 23805 17727
962 25897
464 20117
282 26111
171 27012
395 15418
463 16682 416
129 25319
1583 8136 13233
1847 16714
510 12565
1996 26284
1347 11271
1776 23360
2160 22734 247
1826 25079
176 7940
339 14785 22880 25657
56 24142 9947
9 29631
641 30061
1633 16193
524 18018 22105
574 29717 28563
1780 21650
1457 24402
381 7302
355 20051 15598
1573 3240
110 25561 8136 16279 1015 24762
1626 27205 21613 18917 9035 4440
1648 25480
1356 19396 17179
1088 13920
792 15815 9139 10412 3367 29066
1797 17903
2129 6969 5379 7080 1303 6066 5405 5743 59 24337 8618 21795 1980 3624 7674 1965 17068 573 2195 25988 25939 9176 10468 11263 18535 12838 22248 7719 1158 4792 995 26115 16597 6459 13452 4682 1383 13166 29601 3363 20240 19270 26516 27232 29735
743 14982
871 25490
1578 8136
996 14327 21718 10453
211 10897 27375 0 9834 1148 17623
809 25897 15298
1557 26481
580 11754
635 4373 8071
400 17506
1798 24762
1898 5362
1330 12452 24660
2084 4945
865 4007
1149 24762
1181 30026
1140 5146 4533
981 6204 25897
791 8136
1869 11246
1001 29201
1756 261 6950 21772 26373 17878 2281 13230 14901 13483 7168
1978 25405 29636 10128 23093 29794 962 29446 92 28777 15531 4952 24039 28748 14514 25447 18358 18405 15967 20959 20354 30004 17836 842 29867 13175 16436 7068 3595 9373 18275 4805 6894 11821 26365 29886 19834 30102 7992 8839 29827 1640 15256 6153 3028 26586 2162 8964 3800 21138 15846 3888 927 8472 19611 10477 19343 8136 24762 10494 3498 1718 6484 320 26860 23260 13919 5230 20181 27817 20211 24707 13153 2402 24477 14622 2043 14628 6180 13503 11620 23541 5545 22585 28719 21101 5630 1383 10396 5531 19297 17945 17825 11303 26972 16783 10314 9256 6076 29187 2299 3100 18082 4078 8403 26203 7918 27595 27726 11676 17680 7852 28247 26111 30026 9579 247 12079 27699 17142 11343 10147 14496 21750 23137 22443
2165 8949 19119
1177 14950
801 2153
1937 15797 18308
44 4039
1376 8136
1831 12479 5222
618 25897 5060
1493 29136
1208 24515 13836 22647 7328 8233 9176 13348
1547 25897
1160 10103
2020 30020
728 16165
250 8218 5495 14280
2132 30015 17519 29533 5519
1662 6173
846 8136
1619 2688
69 8136
1763 9558 24486 10462 22633 7586 16776
1265 5269 27609 25849 13313 7051 6850 3498 24144 15022 21467 27012 9999 3185
71 27953
513 21118
1384 14924 29342
736 29933
112 1406 27692
75 25478
495 11423
160 26909
148 6458
867 20298 24869
682 25732
711 9156
1668 29887
859 8720 13966 9515
20 27103 15319
491 16265
818 2281 13230 21772
1162 10380 17103
1484 16496
409 23959
19 18743 23373
1591 3703
428 14531 11534 13624
1036 4757 4478
16 15716 27446
1052 4388
1153 16600
2151 19807 14977
539 14284
2105 8136 24762 2157 24393 29023 1070 12568 21583 15793 12889 17625 247 927
179 7804 4858 9174 13636
630 2850
873 9289 13736
138 20229
899 8136
72 17635
2026 26580
2162 14832
2118 25897 16189 24588 23794 3143
1660 10048 9103
1982 22327 25727
644 10048
883 29827
1700 21027
1734 3158
995 19602
1452 2421 22003 9516 17625 13565 927 23808 25708 6438 6242 27709 11427 3948 25231 25072 12079 8136
368 17274 18045
1800 12861
73 1899 3517 10166 20603
1741 15065
956 4069 15370 16954
2049 1894 13633
1567 27657
1833 4317
1562 21476 8870
1585 3055 7505
1851 21080
193 15454
2140 26004
759 8097 4933 27619 8376
426 20384
535 14142
658 16 15425 8136 24762 6567 28398 19479
1584 18275
1346 26975
39 19895 27037 28168
37 18212 29835 15677
1927 3253
436 21064
2127 8781
79 25897 10772 3106 24507
1981 7208
1332 14325
11 26571
1059 14845
217 21165
820 6168 25862
1143 11811 11075
1559 15363
1844 19083 9895
1997 13344
1601 7277
197 11006 3520 877 24279
722 10772 13275
1115 11375 26971 5165
1116 9682
177 2777 13019
2060 8581
1441 26660
1607 16218
2013 500 18814 18017 9048 12461 4072 2003
1212 26263
1146 11892 13523 29410 11243 4771 25622 1433
320 9258
1986 4035
1617 25066 26858 19685
2147 4159
1577 4362 19494
707 8136
1117 13441
1288 11683 7446
997 6603
987 17722
2037 6162 9437
1280 25592 12852
1268 27959 5098 27940 28250 20876 7626 2772 22681 11143 20993 10627 3706 9762 8192 16688 721 12262 23488 18725 17567 8782 19467 25329 1443 4592 9338
1169 24762
1863 28491
425 6607 21637 7545
1045 11344
763 23260 18957 1366 16995 17446 2368
1344 5725
656 25070
537 15116
637 6929
1469 14068 21203
1275 12650 25897 24899 416 24185 18458
1002 333
879 25766
974 4674
765 19452 22280 21175 13967 5994 432 8301 22623 1383 16087 24272 27042
2017 5667
1687 8136
1963 18131 19720 6052 16013 24711 11477 6254
1326 10449 20702
120 29267 14718 13709
1353 24874 12513 27761
1423 21410 12769 24430 18068 5256 16856 20912 3863 5315
1985 25910 1768 11415
452 5553 14759
408 27437
170 323
719 5135
1184 24477 3757 23110
1538 19586
1582 25897 5060 4159
422 25066
1645 25897
1319 8566
473 8136
1518 8136
299 9192 18055
944 19368
1030 26943
478 26366
1926 29397 10740 3345 24740 19452 5578 12624 26572 18235 4983 20354 25886 2171 13591 1505 20959 28162 21696 20670 3814 13015 4494 15585 23564 12565 354 26166 16621 4459 547 25643 9910 27703 6007 23116 11694 29887 18507 28832 179 20129 7367 19586 11066 16102 29438 11551 24017 12603 30103 1383 16636 21612 20939 8057 17263 1827 21553 25381 29743 3061 17567 25909 29765 6525 687 8695 5396 13396 11922 21291 21818 5583 14622 17818 17814 6526 17405 2010 14983 22385 22488 3670 21725 3806 7430 7204 26851 19201 10627 29445 9256 5460 25541 23233 27966 4741 23943 14546 6527 17700 8136 12568 21966 10338 9027 28106 23644 19543 25104 8388 437 26670 21450 17943 18122 16990 18952 2160 263 8955 5096 10515 9515 5880 1394 15703 8844 293 4760 5451 9705 22894 20356 21243 25597 114 25043 20267 25004 12194 3078 27336 15063 6295 3245 9716 8701 28999 11962 3905 16297 4293 8495 976 18400 23489 15337 9505 27157 3793 20651 7633 1568 27307 29284 28574 28731 20103 11142 3046 8090 1670 18030 22008 21175 22585 3479 24506 12394 2335 29101
216 24473 25625 28706 61
180 4920
1291 12568
195 29976 12436
1950 6413
489 16362 3156
4 26676
1761 16676 29319
730 19822 2322
5 10394
1425 20006 18839 48 20142 3497 12017 9608 15928 27819 27985 1861 19185 20266 22738
1004 4207 27408
895 28831
857 8136
515 4637 5307 12460 26 1585
1013 29374
860 8136 6053
1126 6877
1888 6195 7899 25484 5926
1067 26628
1739 29080
1342 9543 16902
2061 8776 124 24321
57 28691
490 22461 2914 15173 25152 5771 1628 16368
1661 8136
1277 25897
705 22862 4940 28779
979 22036
1706 24762
1489 25897 1671
639 9910
374 5116 11705
843 22919
324 8568 8678 18531 27387 993 22287 23135 20711 14192 15114 12430 24138 8955
1649 15790
842 29614
1890 1477
784 13015 4494 15585 23564
1147 25336
516 12278 7192 3578 24611 3948 7884 11504 28003 21499 23022 9399 9589 16 2473 2476 19302 22288 16626 11620 8136 24762 15430 22489 18974 20012 8701 3683 16921 8319 16250 22313 28565 26366 28079 20136 4388 12698 23061 2704 8938 7813 525 21357 13560 9322 6398 12298 5367 19253 25506 12332 16034 17258 2070 17854 24495 5142 27023 10460 9108
1843 2842
1511 3027
1879 5701 19676
803 24010
2057 29345
1788 11364 24012
528 13862 13074
1818 24762
376 15624 20807
1674 10773
1431 14041
1433 19599
826 249 1507 24437 14115 23100
1759 13741
498 13496
445 28657 24353 20661
1338 12021 25382
494 23152
978 7360
413 25329
1267 23751
1494 20171
1318 28496
986 5999 26358
1775 25939
493 13208 22326
762 25607 29008 19736 20331 24168 25461
1993 24762
540 28092
1281 18788
228 9601
497 8136 24762
2014 27201 23333
350 24771 4778 13523 27682 23423 5337 14217 20894 9829
920 30026
1341 29095
136 16977
1405 15442
650 24751
1179 11502
1651 9699
393 11571 3632
1519 21475 26216
647 21187
1303 20181
1907 7474
2125 17404 28550 20194 17963
210 9013 8403
541 25897
126 12505
683 19452 8136
741 8136 8535 28812
163 29614
673 9934 27102 27431 11248 22611 29656 18099 2557 11940 28468 9930 30026 5786 17697 19370 24346 13765 24957 20824 9078 2969 17810 7353 28587 16851 18725 14028 3539 9589 25163 20036 22807 16717 12332 2157 20165 687 10809 14930 24357 9261 8201 12427 21015 25437 11427 12079 957 25529 27139 6793 5444 28381 21612 18409 7474 24305 594 8386 15956 1169 11823 18222 12342 15242 23286 23271 19244 28543 2147 15953 11492 12706 1383 29187 22130 18332 18833 7553 6083 5938 20072 26942
712 4538
831 23467 14275 1944 5553 26366 13741 1538 28635 24717 29359 9589 14812 24838 1359 7530 855 26734 1505 14930 24263 29388
458 627 27889 7360 13881
938 22550 10991 9805
606 17612
209 26033
609 28986
1447 23175
943 2836 5043 16086
564 14679
2033 28690
471 24588 25271 1528
710 11002 27278 28461
669 8931
1438 4566
174 30017 10971 4013 28943 19436 29809
1289 17526 25485 11006
451 19181
615 16877 13528 2408
1313 25897
169 19585
1823 21655 1346
1552 25337 28413
2077 26571 1346
2108 2378
415 877
1274 19399
64 25897 23315 2233
1792 15390
1223 2780
127 20177
582 10356 21851
1534 1399
608 12568
94 10608
942 16312 5936
202 15282 25939 13765
1722 10512
93 15282
1991 21725
1435 17943
164 3685 661
391 26113 3996
913 11465
1380 15730
168 8607 4271
509 5155
1248 25897 11978 16189 24507 5060 973
1509 16062
819 8646
1667 23004
1853 4187
1084 2655
181 25897
1142 29614 24545 28333
62 25337 12532
1749 21614
645 28255
505 7546
545 17891 14628 4482 7044
1801 11753
1874 18219 3711
186 20826 10026 17380
18 12288 9082
265 23842 24930
1812 25897
782 22734 24463
2164 23340 25589
881 25903
1007 23049
133 14895
260 1383
764 2829
715 18527 10338 7841 25450 6132 21396 20967 9229 22571 15317 20466 9390 20671 26039 15497 360 23956 12688 19586 16297 1138 16518 16497 6926 25316 27805 30039 7997 20460 23063 29361 23885 20026 7758 7072 23110 17591 16047 22110 14036 22056 9279 2660 5879 19724 7672 10421 19820 8213 15772 11919 8358 29594 9933 29818 18402 23484 7628 8087 1786 4569 20347 3086 18714 28217 29446 24336 22188 2724 11469 10758 26950 15394 22338 26847 25652 20488 1050 16013 26851 10396 17028 21451 5389 25634 1584 30026 15001 17567 23747 20226 8403 15506 3095 15010 15976 21612 2293 3425 14537 17802 10642 5269 17280 13193 8942 16161 23768 3529 24170 29918 17400 18099 20997 27008 20985 125 28597 12132 10320 15042 11224 8377 27489 11633 10026 19452 19283 10087 2221 12869 926 12259 9589 14899 12370 24767 18937 5697 818 14507 13315 15638 13926 16778 25891 8555 7335 6766 6484 6398 11476 2424 25369 11667 23644 22724 7550 25111 22754 15694 23832 3144 9166 29061 24242 19670 10855 29409 5441 2189 7538 7663 21576 15954 19886 18516 7248 23009 15893 265 28604 18767 17096 5400 23787 8619 1070 10606 20143 12892 25447 703 432 3881 13331 11927 9930 14462 1462 13530 22377 10627 23079 7926 29904 10151 26633 13565 14972 380 18231 3671 5449 14609 7128 14257 2631 5030 15008 29088 28394 6818 12646 21940 29314 25168 29601 29599 25645 3750 14744 14961 22421 18275 16594 20698 8613 19661 17263 9741 25897 5588 3918 27505 742 4515 10577 11287 25693 26656 4853 4646 16835 27069 6223 8166 16262 778 19660 20555 10693 20229 2111 11799 16717 24252 22524 27906 29998 20036 17753 26926 19839 20434 21965 775 25226 3204 12473 5249 2496 23985 24060 1980 20693 28822 7790 17271 1383 25231 9152 7042 23751 92 12556 14305 9982 4867 15793 21138 23574 22335 11067 4795 7621 11163 20934 11483 28458 3014 14581 16776 1588 1726 28155 20192 18866
1120 16229
2139 1863 29740 29948
1747 9458
602 15241 28721
689 16942 10895 16466 26483 27452 28681 29242 23149
761 29261 11004 15953 18276 15430 2704 17129 23163 1552 8136 24846 21749 13642 18725 18324 15793 14225 8500 10144 16518 12070 9499 3603 8437 1600 5249 13577 1039 21237 25897
1570 25108 8713 26450 6131 3242
1397 11364 24311
1857 15448 22160
35 14595 17881
292 9741
2111 12231 15793 26188 5269 25897 11355 12846 30026 8777 12471 3152 501 6376 8211 9086 12505
2032 8136
81 11439
1685 3036 14247 23336
586 25897
999 5622 24067
356 22405
114 21501
906 830
935 29635
542 25565
1077 19241
1485 12753 10869 2385
2039 17277
1377 2801
700 20782
483 18645
1306 29614 8239
1492 18904 28577 4864 4442 3925 6782 25891 23496 20865 1971
154 15863 9941 10071 10505 2970
1822 25373
1865 7644
875 5752
1073 6856 2527 5299
2058 24962
1708 4888
655 29090 30056 15589 6849 20884
1334 14972
269 16495 24660
1782 25897
1309 11359 8318 19370
1383 26113
1050 8507
900 5060 8493
1805 18919
442 13523
1962 26676 380
1972 19359
890 8380
443 18063 22672 4556 4520 3978
224 22012
877 25111 19718
1460 18818
1959 23678 10048
1893 22562
183 27249
447 27061
969 18094
1286 9658
1786 5274
1616 27636
140 11940
2110 10421
670 24119 5535
1889 2444
1037 3544 25337
332 13765
1442 19452 10593
595 29152
1474 5075
267 8444 29897 28979 12573
699 16602 22011
2056 19860 27804
2078 2207
1544 27623 13563 587
1533 416 18458
353 30026 9928 17120 7788 11475 13146 515 24732 18140 25822 3404 19708 4166 27491 20508 1398 8866 1154 5091 17223 22269
300 25897 5060 18851 6544 11946 12947 1744 1671
868 8629
121 24323
785 20770
379 21384 25557 16776 18562 10977 4827
1106 1896
1022 11689 18463
797 801
1102 11296
845 12455
2075 24812 12255
2041 20006 14272 2786 25508
321 13091 6305 15915 17675 26051 13894 25243 11034 11748 6310 27465 29419 1159 29459 7066
629 5248
1579 12554
424 9315
862 12342
238 19241 23163
268 1744
830 29564
534 18394 12455
1408 14686 1905
598 23763
145 20649 19426 2798 17050 20298 7189 23139 25461
1056 4839 14142
191 7821 5974 28969 25077 25019 22170 8557 9589 29397 19434 1386 27706 18572 29802 12874 24242 11330 22702 4755 10627 17217 3869 3965 26085 20819
525 11724
1168 11097 11215 24737 25148 19772 13174 16844 8898 22973 595 29987 24359 12751 20241 11443
1512 16161
1810 22166
1409 28597
1191 24166 4952 8810 26958 13510 10207 7937 27601 22652
2092 6936
294 19643
1811 3253
343 26097 4308 28227
225 2173
1916 29340 27071
1921 22734
511 29054 19119
823 15117
640 25662 13071 3763
1613 2939 6245 15857 4186 26454 19312 13609 21396 27940 10362 6246 3671 13510 1383 22836 28355 22170 16995 8250
1931 19515
779 8761
954 14836 11540 1662 13024 7687 3927 13023 5059 22773 767
2063 1315
704 8713
807 25897
1624 3634
1698 15619 20501
1216 25732
1999 4857 16837
1897 16682 24899 12947 416
1468 28986
144 3167
212 12356 6071 20732
450 16682 416 12947
889 20910 27580 23705 9492 3925 7571
627 4404 16365
1198 22975
578 1747
787 28936 19309 5116 24637
1240 21492
885 19704
934 28514
1816 5842 1584 25117 12203 27903 18099 16368 3134 1793 28748 18630 24017 25694 616 13937 12298 5650 19780 22037 21925 930 13517 23259 29404 22519 23285 23208 11419 7959 20959 11245 6054 22860 19769 1383 14798 21542 13019
2048 11658 16044 966 28244 3733 3573
1053 29984
893 13306 11223 6461 7586 11136 5630 25492 8057 9231 26725 8734 8137 772 21300 26987 20488 24035 24809 3395 12679 6398 13058 22361 19312 26287 5100 26085 29498 2572 7092 26619 12837 14696 3554 19452 6922 18111 4476 18408 16296 8885 29780 8557 11492 332 17368 23967 5645 19426 14665 20223 18255 7959 10125 217 18913 29564 20911 26028 8019 19853 999 2350 25937 14695 26716 16961 17312 25601 10627 3732 7659 18219 1780 25761 824 12079 15352 19097 20642 1762 11353 16790 14810 29101 12751 28694 29097 20853 22653 7307 25158 17657 10372 15962 28448 16655 20875 26226 3944 12706 29546 27256 15798 19720 23514 17639 23092 25856 4964 11924 10217 2221 20767 11957 19030 19573 5071 27819 3722 18613 18330 8424 1542 13439 8341 15754 14221
1854 2775 13243 16776 10997
2021 13738
386 13496
789 25897
1770 10026
153 1966
757 26166
194 25897 27780 8493
1686 11746 25865 12860
1692 23037 173
1152 11940 5620 17451
1017 6395 23481 12407
536 3375
2112 18267
806 1927
554 16167 7613
1328 4792
1971 6256 14110 6884
769 12812 6230 5285 9390 14013 7474 24477 6875 28897 27505 1354 1753 25737 21647 12194 11212 26851 10407 14223 3577 2023 8542 6455 20621 8665 15776 5396 1032 6156 27969 4575 5004 21595 20128 9748 17325 29187 9862 10963 4139 24082
774 9131
256 10616
1565 8156
61 23777 10772 3106 416 23155 20334 10600
1719 17547
365 8136
553 24660 14380
1005 30070
1276 7118
329 21542
1032 17570 16244 16776 24597 6308 16466 28056 27235 10985 891
832 13874 13113 19355 23360 4340
1272 16310
1704 2567
456 6659
1580 13741
1828 17963
985 425 29410 5080 28550 25066 2467 9729 21112 19244 3405 10199 11686 8567 4388 16049 1568 8135 7248 14183 14622 17816 26612 21700 17960 13170 26787 7079 29062 24668 16776 8715 17435 9022 8396 15282 8564 28416 25307 11429 1643 12070 20476 20279 27460 14792 8030
2116 25897
1727 17144
104 14278
1417 1817
1758 24762 24483 24292 308 8136
151 22418
2027 6240
1948 10934
1432 29788 5582
824 4217
1548 14217 1387
32 2177 24637 20428
794 3012 9729
1251 16776
568 14183 13441
1765 7735
1105 29136 14499 11820 4562 7132 2861
2047 10292
1282 22500
1809 24536
2009 8889
518 3395 19909
1925 481
289 25897 416 24544 14628
1973 17005 757 13827
1866 17451
1444 25523 24320
1581 18820
366 17465
953 24477
1400 10048
477 23247
1540 4828 18134 22221 25293 26243 6065 26851 12865 15657 2633 16776 17185 16815 14844 12748 26928 7659 279 27044 9414 12688 19704 5636 3040 5354 13354 24545 6528 26568 28189 3737 11385 27544 23513 4093 25940 15502 7408 24767 25641 868 15275 11692 10675 22414 18467 8095 15288 19560 18781 19318 9795 13881 6765 10627 23832 24219 12640 4592 29499 6621 23326 28623 14792 30031 1510 5363 16531 11353 23942 29112 24441 2215 20012 17096 25168 6021 23061 5754 18358 18275 26589 5165 2082 2497 24462 23015 28184 10207 15416 20039 16041 11675 29806 28416 6972 25423 21426 7051
1114 15172
1261 20705 4778 14217 3638
1737 19491
410 1782 11989
1225 18275
514 4125
1696 23675
470 16495 7768
371 27703
664 9496 23155
162 3010 16752 21562 8908
2150 19694
905 27969
1729 15495 17319 13563 13543 29457 16253 24823 6806 12688
262 27505
1134 16776 17421
945 13907 19177 9603
1232 9840
330 8618
1977 21512 18750 17302
304 6011
1459 2836
322 2219
2120 27357 7693
1416 6963
1771 14356
1455 27953
884 17759 23528 1501 21469
249 8136
401 29858
103 12445 1680 2858 13464 14616
337 1406 2858 29780
1835 28291
1018 28621 12721
672 16776 27257
567 10373
1707 15448
272 14435
1483 16932
1094 20565
1108 16776
1456 3573 6599 28534
190 16338
638 9863
628 6168 27537 27819
352 5724
811 5189
1362 29153
790 2514 21365 2996
1401 28269 14947
504 25897
813 1406 3428
1477 12203
437 7241 1406
1475 22292
1621 17220
1825 17954 8279 16776 9586
123 12679
1688 28565
1891 21071
1663 21670 10048 19183 24779
1003 7597
742 12015
2117 25865
274 21037
631 26252
687 9658 15198 14294 9980
858 16776
1935 364
919 2195
982 6926
2163 22960 10448 13436 7031 18219 27172 24545 13458 10836 22287 12584 3222 727 11146 3512 6398 16412 25447 22924 25897 15709 16881 15878 12575 1382 26865 20598 7070 29175 19834 1193 14942 14678 14826 10364 2875 23262 1037 25823 26313 889 18152 20896 28577 11175 926 11926 12624 25922 10914 24945 19312 24007 16776 10997 25097 5774 23084 1356 6230 16897 22377 14037 23092 5505 15651 4756 16972 27936
1864 21479
1299 20036 4952 24820
1061 14201 29380 30111 14183
723 8136 15793 4964 11957 11692
1096 10627
1388 1137
926 21617
1374 5642
1933 11414
1042 27689 10845 14106 18702 18437 23177
1490 10608
698 27231
1946 9380
1430 4 7949 14128 6736 18206 22254 10142 2317 432 11692 13892 27302 5758 18332 12540 7031 23953 10236 2582 10758 18467 23063 29479 28347 28722 15003 18047 22839 152 4601 20476 12099 16497 24242 2816 25362 6270 13690 1383 2250 4385 7610 28247 1191 8130 12570 21711 16864 4609 23664 5441 12869 19864 17963 2471 26469 26753 1201 27262 2543 25345 11837 2262 8987 1551
1748 15834 16946 1481
399 26515 20746
208 30003 16159
116 9634
581 5818 8944
1375 10394
500 9795 7086 16756
1325 2426 21315 10024
1404 7598 7556 3756
1097 3489 16338 24391
2103 7565
1252 25897
1488 8576
26 14453 1457
290 29879
876 17982 18686 10610 19
1467 10627 30060
1340 24860
1609 24562
266 24998
950 4435 19757 17007 16123 18814 18017 8853 18915 9450 15478 3663 15583
1158 8189
235 12847
610 11768
200 30060 21343
152 29896 14040
1989 25508 12532
1283 9197
952 3415
601 6702
0 19757
2100 21463 19107
335 21184
1202 2816
2154 15485 17938
273 17473 5971 670
1979 16776
24 25561
1464 1735
188 11744
2072 30026
1876 30000
1694 28177 7115 3573 15436 7598 6500 7031 22325 4760
1566 269
569 14183
373 8136
1372 28438
768 9303
1944 17575
367 1743 21463
347 16872
326 1398
31 12156
1510 13179
139 13467
1726 1707 11650 12395 18012 986
1881 15668 6818 8136
43 1678
434 7113
1597 17188
2128 13185
1200 2533
1150 14300 9303
213 25897 20706
888 22600
317 5187
2083 18957 12179 12440 23672 14133
914 1705
184 8502 5165 28053 14133
1803 5782
54 12284 23305
2016 16338
2159 4735
660 6132
1638 2385
2087 11259
281 23319
2158 18057
1426 8422 24618
1957 9498 20902
33 29713
472 1609 10642
561 21926 27761
41 27408
747 17465 6599 3573 14548 28534 4528 23033
771 14507 17816 22053 22061 23357 3892
1410 669
1234 5911 8701 14223 28416
1451 3296
1517 23962
1322 25939
105 11727
1678 5851 28626 17419
1682 24692 30012 6599 9822 3286 2043 28897 12955 16123 12483 25528 8832
850 11263 13205 11098 27648
815 20979
1487 14486
1247 1457
2090 14654 23997
1172 25426
576 8216 23184 27788
1259 26861 11863
800 1994 29934 2611
2023 16610 22366 2616 8470 29694
390 10421
149 1176 3201
83 17862
1793 27669 1012 28534 3733
1675 14227
786 2471
633 26283 19431 2241 3631 6727 2567 5561 26938 23735
132 1996
526 3754 23803
1095 26875 4029 20310
662 13043
1531 17384
837 22485
486 9743
1807 8845 24358 874 16962
1062 25868
1228 28076 8200 25745 10210 242
1920 30098
1611 8893 13352
1110 13208
309 15282
825 13882 16901 1065 1568
882 3772 22414 24242 15194
1044 4903 21884
45 14800
1491 15793
847 12236
1850 25840
1643 24660
1536 9392 13465 787 5364 20476 2621 2526
88 23664
360 16086
607 24109 11128 13508 16908
1506 22497
276 16402
1407 23959
65 23376
1569 23621
1327 12646
911 1568 19698 29601
1702 391 29332
1664 9973
955 20860
1953 13501
2167 12256
1165 9148
1239 18126
1211 26739
237 7208
1705 24762
1984 11059 136 1302
991 22958
385 12950 25479 12622 11165
1593 22724 13135 21178
178 3997 11181 29939 13760 23811 6135 27035 3785 13766 35 22340 3649 9946
912 8179
1497 748 16051
187 6043
1080 5562
927 8801 27648 15856
1193 16776
359 13283 27664 13933
922 25766
1109 11315
68 14870
833 24816
243 11160
1724 163
469 23602
1478 10308 29305
1124 15516
1009 8136
1098 25897
207 13937
1746 10698 21134 3219
63 4228
799 16607 13278 18918 1391 25117 21640 5249 19465 16492 16563 24945 25394 25342 16776 12688 13131 12353 26788 11824 12839 22780 1409 3606 24660 14183 20223 2027 28390 17681 21030 15924 10324 4747 18314 5095 29421 5003 10938 9732 1528 25790 17701 9751 19370 21965 14654 27190 10369 4555 12204 3800 29601 2099 6871 3 18467 1942 16467 1976 3080 23260 7647 13504 2815 21808 8581 4159 14737 15729 18258 27797 16641 1383 19576 10284 20728 16161 25831 6448 18309 13295 1044 10676 7723 15754 15416 10919 16261 7067 26253 9623 649 18597 12334 18187 22718 27408 30009 2202 1831
1604 20181
1112 15282 17073
1189 15282 3080
215 15282 8859 16628 30009 228
1672 15282 10354
679 28227 24584 16056
492 24012 27832
915 390
1360 6121
1180 8136
1343 25868
1295 416
1960 11372
1568 18520 14037 6662
1480 20163
1630 6950 25897
1300 25897 25720 6544 23155 2233 24899 27494 28347
1083 28053 8363
384 20722
590 8802
1556 16776
344 7235
1269 25856
1125 13737
1699 11059
758 24569
766 2743 21384
1072 6195 3377 15712 5302
1311 16563 21908
1482 25897
1154 25897
1779 3800
1606 7768 24660 11922 2119
1676 12737
261 6230 12380 19446 10030 14037 2331 20976 15260 28664
694 1178
2059 25897
1024 8136
1129 876
1128 16855
499 25746
1194 11277 12774 8006
1502 10442
167 5323
661 18270
372 798 3476 618
1363 17816 27265
459 9092
1794 15833
172 8491
1087 1551
584 388 12565 29484
849 1123 9652 23094
756 22061 11181 29166 1618 16925 3785 25057 5136 12445 12682 22453 20250 29087
315 12688
592 19996
431 8136
1589 18098 2837
1065 25897
234 1148 28956 20064 11281 23436 12302 23349
109 8136
918 4196 455 9046
2130 17947
1932 12063
1939 28347 1671
2148 16885
1035 16002
1203 28565
1870 20419 6664 20286 16628
468 12737
448 6488 3879
600 24198
1909 21375
286 20845 297
1680 8458 19644 15387 27408
1381 13640
351 15628
2019 11922
984 416
1121 13064
1714 5060
1976 28362
1653 25897
1821 8136
760 14507
977 11785
1197 19361
1504 6280
1592 12688 29376
622 12079 23063
331 13519
898 25561
1220 6560
465 13761 1998
1717 5008 28384 13410 18126 27523 24727 16570 3616 13458 17537
125 8136
173 688
1305 16776
1255 20591 3539 29697 25327 5754 14954 8136 20036 16074 8491 6818 780
1954 21512
1205 22879 24894 23854
572 18160
755 8491
854 16051
1171 28678
1845 15754
108 28498
7 30026
753 30026
1769 10469
1936 8136
1718 11962 622
230 18461 28929
1691 28635
1899 28158
403 26516 24444 18120
1554 30066
716 30021 8136
135 9155 7470 17440 14475
13 19924
1450 25024
971 11761
58 8155
2123 3826 5205 5769 24349
594 25238 9857
1166 30016
275 18134
1732 10561 15101
